[1/2] Building CXX object CMakeFiles/simple3.dir/Debug/src/bin/simple3.cpp.o
[2/2] Linking CXX executable Debug/simple3
charcode: 32, points: 0, contours0
charcode: 33, points: 10, contours2
0 (231, 364) 1
0 (176, 1141) 1
0 (176, 1466) 1
0 (399, 1466) 1
0 (399, 1141) 1
0 (347, 364) 1
1 (184, 0) 1
1 (184, 205) 1
1 (391, 205) 1
1 (391, 0) 1
charcode: 34, points: 12, contours2
0 (144, 947) 1
0 (94, 1226) 1
0 (94, 1466) 1
0 (299, 1466) 1
0 (299, 1226) 1
0 (254, 947) 1
1 (475, 947) 1
1 (426, 1226) 1
1 (426, 1466) 1
1 (631, 1466) 1
1 (631, 1226) 1
1 (583, 947) 1
charcode: 35, points: 32, contours2
0 (103, -25) 1
0 (190, 401) 1
0 (21, 401) 1
0 (21, 550) 1
0 (220, 550) 1
0 (294, 913) 1
0 (21, 913) 1
0 (21, 1062) 1
0 (324, 1062) 1
0 (411, 1491) 1
0 (561, 1491) 1
0 (474, 1062) 1
0 (789, 1062) 1
0 (876, 1491) 1
0 (1027, 1491) 1
0 (940, 1062) 1
0 (1113, 1062) 1
0 (1113, 913) 1
0 (910, 913) 1
0 (835, 550) 1
0 (1113, 550) 1
0 (1113, 401) 1
0 (805, 401) 1
0 (718, -25) 1
0 (568, -25) 1
0 (654, 401) 1
0 (340, 401) 1
0 (253, -25) 1
1 (370, 550) 1
1 (684, 550) 1
1 (759, 913) 1
1 (444, 913) 1
charcode: 36, points: 57, contours3
0 (510, -211) 1
0 (510, -31) 1
0 (375, -14) 0
0 (206, 73) 0
0 (83, 267) 0
0 (73, 407) 1
0 (254, 441) 1
0 (275, 296) 0
0 (328, 228) 1
0 (404, 132) 0
0 (510, 121) 1
0 (510, 694) 1
0 (399, 715) 0
0 (283, 780) 1
0 (197, 828) 0
0 (104, 998) 0
0 (104, 1106) 1
0 (104, 1298) 0
0 (240, 1417) 1
0 (331, 1497) 0
0 (510, 1515) 1
0 (510, 1601) 1
0 (616, 1601) 1
0 (616, 1515) 1
0 (773, 1500) 0
0 (865, 1423) 1
0 (983, 1325) 0
0 (1007, 1154) 1
0 (821, 1126) 1
0 (805, 1232) 0
0 (704, 1345) 0
0 (616, 1363) 1
0 (616, 844) 1
0 (752, 810) 0
0 (796, 791) 1
0 (880, 754) 0
0 (986, 648) 0
0 (1043, 502) 0
0 (1043, 417) 1
0 (1043, 230) 0
0 (805, -20) 0
0 (616, -29) 1
0 (616, -211) 1
1 (510, 1365) 1
1 (405, 1349) 0
1 (284, 1213) 0
1 (284, 1120) 1
1 (284, 1028) 0
1 (387, 904) 0
1 (510, 867) 1
2 (616, 121) 1
2 (721, 134) 0
2 (858, 290) 0
2 (858, 405) 1
2 (858, 503) 0
2 (761, 622) 0
2 (616, 669) 1
charcode: 37, points: 52, contours5
0 (119, 1114) 1
0 (119, 1271) 0
0 (277, 1491) 0
0 (427, 1491) 1
0 (565, 1491) 0
0 (746, 1294) 0
0 (746, 1103) 1
0 (746, 917) 0
0 (563, 716) 0
0 (429, 716) 1
0 (296, 716) 0
0 (119, 914) 0
1 (432, 1367) 1
1 (365, 1367) 0
1 (276, 1251) 0
1 (276, 1096) 1
1 (276, 955) 0
1 (366, 840) 0
1 (432, 840) 1
1 (500, 840) 0
1 (589, 956) 0
1 (589, 1110) 1
1 (589, 1252) 0
1 (499, 1367) 0
2 (433, -54) 1
2 (1235, 1491) 1
2 (1381, 1491) 1
2 (582, -54) 1
3 (1067, 344) 1
3 (1067, 502) 0
3 (1225, 721) 0
3 (1376, 721) 1
3 (1514, 721) 0
3 (1695, 524) 0
3 (1695, 333) 1
3 (1695, 147) 0
3 (1512, -54) 0
3 (1377, -54) 1
3 (1244, -54) 0
3 (1067, 145) 0
4 (1381, 597) 1
4 (1313, 597) 0
4 (1224, 481) 0
4 (1224, 326) 1
4 (1224, 186) 0
4 (1314, 70) 0
4 (1380, 70) 1
4 (1449, 70) 0
4 (1538, 186) 0
4 (1538, 340) 1
4 (1538, 482) 0
4 (1448, 597) 0
charcode: 38, points: 55, contours3
0 (973, 173) 1
0 (884, 74) 0
0 (674, -25) 0
0 (552, -25) 1
0 (327, -25) 0
0 (195, 127) 1
0 (88, 251) 0
0 (88, 404) 1
0 (88, 540) 0
0 (263, 759) 0
0 (437, 842) 1
0 (338, 956) 0
0 (272, 1098) 0
0 (272, 1164) 1
0 (272, 1296) 0
0 (479, 1491) 0
0 (636, 1491) 1
0 (786, 1491) 0
0 (977, 1307) 0
0 (977, 1178) 1
0 (977, 969) 0
0 (700, 821) 1
0 (963, 486) 1
0 (1008, 574) 0
0 (1033, 690) 1
0 (1220, 650) 1
0 (1172, 458) 0
0 (1090, 334) 1
0 (1191, 200) 0
0 (1319, 109) 1
0 (1198, -34) 1
0 (1089, 36) 0
1 (607, 937) 1
1 (724, 1006) 0
1 (793, 1110) 0
1 (793, 1173) 1
1 (793, 1248) 0
1 (698, 1343) 0
1 (627, 1343) 1
1 (554, 1343) 0
1 (457, 1249) 0
1 (457, 1181) 1
1 (457, 1147) 0
1 (492, 1072) 0
1 (527, 1030) 1
2 (860, 315) 1
2 (530, 724) 1
2 (384, 637) 0
2 (282, 488) 0
2 (282, 415) 1
2 (282, 326) 0
2 (424, 134) 0
2 (554, 134) 1
2 (635, 134) 0
2 (808, 235) 0
charcode: 39, points: 6, contours1
0 (136, 947) 1
0 (90, 1221) 1
0 (90, 1466) 1
0 (295, 1466) 1
0 (295, 1221) 1
0 (247, 947) 1
charcode: 40, points: 17, contours1
0 (479, -431) 1
0 (330, -243) 0
0 (124, 261) 0
0 (124, 531) 1
0 (124, 769) 0
0 (201, 987) 1
0 (291, 1240) 0
0 (479, 1491) 1
0 (608, 1491) 1
0 (487, 1283) 0
0 (448, 1194) 1
0 (387, 1056) 0
0 (352, 906) 1
0 (309, 719) 0
0 (309, 530) 1
0 (309, 49) 0
0 (608, -431) 1
charcode: 41, points: 17, contours1
0 (253, -431) 1
0 (124, -431) 1
0 (423, 49) 0
0 (423, 530) 1
0 (423, 718) 0
0 (380, 903) 1
0 (346, 1053) 0
0 (285, 1191) 1
0 (246, 1281) 0
0 (124, 1491) 1
0 (253, 1491) 1
0 (441, 1240) 0
0 (531, 987) 1
0 (608, 769) 0
0 (608, 531) 1
0 (608, 261) 0
0 (401, -243) 0
charcode: 42, points: 25, contours1
0 (64, 1197) 1
0 (110, 1339) 1
0 (269, 1283) 0
0 (341, 1242) 1
0 (322, 1423) 0
0 (321, 1491) 1
0 (466, 1491) 1
0 (463, 1392) 0
0 (443, 1243) 1
0 (546, 1295) 0
0 (679, 1339) 1
0 (725, 1197) 1
0 (598, 1155) 0
0 (476, 1141) 1
0 (537, 1088) 0
0 (648, 952) 1
0 (528, 867) 1
0 (470, 946) 0
0 (391, 1082) 1
0 (317, 941) 0
0 (261, 867) 1
0 (143, 952) 1
0 (259, 1095) 0
0 (309, 1141) 1
0 (180, 1166) 0
charcode: 43, points: 12, contours1
0 (513, 237) 1
0 (513, 639) 1
0 (114, 639) 1
0 (114, 807) 1
0 (513, 807) 1
0 (513, 1206) 1
0 (683, 1206) 1
0 (683, 807) 1
0 (1082, 807) 1
0 (1082, 639) 1
0 (683, 639) 1
0 (683, 237) 1
charcode: 44, points: 11, contours1
0 (182, 0) 1
0 (182, 205) 1
0 (387, 205) 1
0 (387, 0) 1
0 (387, -113) 0
0 (307, -252) 0
0 (220, -290) 1
0 (170, -213) 1
0 (227, -188) 0
0 (281, -91) 0
0 (284, 0) 1
charcode: 45, points: 4, contours1
0 (65, 440) 1
0 (65, 621) 1
0 (618, 621) 1
0 (618, 440) 1
charcode: 46, points: 4, contours1
0 (186, 0) 1
0 (186, 205) 1
0 (391, 205) 1
0 (391, 0) 1
charcode: 47, points: 4, contours1
0 (0, -25) 1
0 (425, 1491) 1
0 (569, 1491) 1
0 (145, -25) 1
charcode: 48, points: 30, contours2
0 (85, 723) 1
0 (85, 983) 0
0 (192, 1300) 0
0 (403, 1472) 0
0 (563, 1472) 1
0 (681, 1472) 0
0 (859, 1377) 0
0 (975, 1198) 0
0 (1041, 941) 0
0 (1041, 723) 1
0 (1041, 465) 0
0 (935, 148) 0
0 (724, -25) 0
0 (563, -25) 1
0 (351, -25) 0
0 (230, 127) 1
0 (85, 310) 0
1 (270, 723) 1
1 (270, 362) 0
1 (439, 123) 0
1 (563, 123) 1
1 (687, 123) 0
1 (856, 363) 0
1 (856, 723) 1
1 (856, 1085) 0
1 (687, 1323) 0
1 (561, 1323) 1
1 (437, 1323) 0
1 (363, 1218) 1
1 (270, 1084) 0
charcode: 49, points: 11, contours1
0 (763, 0) 1
0 (583, 0) 1
0 (583, 1147) 1
0 (518, 1085) 0
0 (307, 961) 0
0 (223, 930) 1
0 (223, 1104) 1
0 (374, 1175) 0
0 (600, 1377) 0
0 (647, 1472) 1
0 (763, 1472) 1
charcode: 50, points: 31, contours1
0 (1031, 173) 1
0 (1031, 0) 1
0 (62, 0) 1
0 (60, 65) 0
0 (83, 125) 1
0 (120, 224) 0
0 (283, 416) 0
0 (437, 542) 1
0 (676, 738) 0
0 (844, 967) 0
0 (844, 1069) 1
0 (844, 1176) 0
0 (691, 1323) 0
0 (568, 1323) 1
0 (438, 1323) 0
0 (282, 1167) 0
0 (281, 1029) 1
0 (96, 1048) 1
0 (115, 1255) 0
0 (363, 1472) 0
0 (572, 1472) 1
0 (783, 1472) 0
0 (1029, 1238) 0
0 (1029, 1065) 1
0 (1029, 977) 0
0 (957, 807) 0
0 (790, 619) 0
0 (596, 455) 1
0 (434, 319) 0
0 (342, 222) 0
0 (312, 173) 1
charcode: 51, points: 44, contours1
0 (86, 387) 1
0 (266, 411) 1
0 (297, 258) 0
0 (446, 123) 0
0 (553, 123) 1
0 (680, 123) 0
0 (855, 299) 0
0 (855, 429) 1
0 (855, 553) 0
0 (693, 714) 0
0 (568, 714) 1
0 (517, 714) 0
0 (441, 694) 1
0 (461, 852) 1
0 (479, 850) 0
0 (490, 850) 1
0 (605, 850) 0
0 (789, 970) 0
0 (789, 1095) 1
0 (789, 1194) 0
0 (655, 1324) 0
0 (549, 1324) 1
0 (444, 1324) 0
0 (304, 1192) 0
0 (284, 1060) 1
0 (104, 1092) 1
0 (137, 1273) 0
0 (371, 1472) 0
0 (545, 1472) 1
0 (665, 1472) 0
0 (867, 1369) 0
0 (974, 1191) 0
0 (974, 1091) 1
0 (974, 996) 0
0 (872, 840) 0
0 (772, 794) 1
0 (902, 764) 0
0 (1046, 575) 0
0 (1046, 433) 1
0 (1046, 241) 0
0 (766, -26) 0
0 (552, -26) 1
0 (359, -26) 0
0 (104, 204) 0
charcode: 52, points: 14, contours2
0 (662, 0) 1
0 (662, 351) 1
0 (26, 351) 1
0 (26, 516) 1
0 (695, 1466) 1
0 (842, 1466) 1
0 (842, 516) 1
0 (1040, 516) 1
0 (1040, 351) 1
0 (842, 351) 1
0 (842, 0) 1
1 (662, 516) 1
1 (662, 1177) 1
1 (203, 516) 1
charcode: 53, points: 31, contours1
0 (85, 384) 1
0 (274, 400) 1
0 (295, 262) 0
0 (448, 123) 0
0 (556, 123) 1
0 (686, 123) 0
0 (866, 319) 0
0 (866, 481) 1
0 (866, 635) 0
0 (693, 813) 0
0 (553, 813) 1
0 (466, 813) 0
0 (326, 734) 0
0 (286, 671) 1
0 (117, 693) 1
0 (259, 1446) 1
0 (988, 1446) 1
0 (988, 1274) 1
0 (403, 1274) 1
0 (324, 880) 1
0 (456, 972) 0
0 (601, 972) 1
0 (793, 972) 0
0 (1057, 706) 0
0 (1057, 497) 1
0 (1057, 298) 0
0 (941, 153) 1
0 (800, -25) 0
0 (556, -25) 1
0 (356, -25) 0
0 (103, 199) 0
charcode: 54, points: 43, contours2
0 (1019, 1107) 1
0 (840, 1093) 1
0 (816, 1199) 0
0 (772, 1247) 1
0 (699, 1324) 0
0 (592, 1324) 1
0 (506, 1324) 0
0 (441, 1276) 1
0 (356, 1214) 0
0 (258, 976) 0
0 (256, 756) 1
0 (321, 855) 0
0 (509, 951) 0
0 (612, 951) 1
0 (792, 951) 0
0 (1045, 686) 0
0 (1045, 476) 1
0 (1045, 338) 0
0 (926, 101) 0
0 (718, -25) 0
0 (586, -25) 1
0 (361, -25) 0
0 (77, 306) 0
0 (77, 686) 1
0 (77, 1111) 0
0 (234, 1304) 1
0 (371, 1472) 0
0 (603, 1472) 1
0 (776, 1472) 0
0 (997, 1278) 0
1 (284, 475) 1
1 (284, 382) 0
1 (363, 212) 0
1 (505, 123) 0
1 (583, 123) 1
1 (697, 123) 0
1 (861, 307) 0
1 (861, 465) 1
1 (861, 617) 0
1 (699, 792) 0
1 (576, 792) 1
1 (454, 792) 0
1 (284, 617) 0
charcode: 55, points: 14, contours1
0 (97, 1274) 1
0 (97, 1447) 1
0 (1046, 1447) 1
0 (1046, 1307) 1
0 (906, 1158) 0
0 (631, 664) 0
0 (556, 403) 1
0 (502, 219) 0
0 (487, 0) 1
0 (302, 0) 1
0 (305, 173) 0
0 (435, 663) 0
0 (678, 1118) 0
0 (815, 1274) 1
charcode: 56, points: 49, contours3
0 (362, 795) 1
0 (250, 836) 0
0 (142, 988) 0
0 (142, 1094) 1
0 (142, 1254) 0
0 (372, 1472) 0
0 (563, 1472) 1
0 (755, 1472) 0
0 (989, 1249) 0
0 (989, 1089) 1
0 (989, 987) 0
0 (882, 836) 0
0 (773, 795) 1
0 (908, 751) 0
0 (1049, 555) 0
0 (1049, 419) 1
0 (1049, 231) 0
0 (783, -25) 0
0 (566, -25) 1
0 (349, -25) 0
0 (83, 232) 0
0 (83, 424) 1
0 (83, 567) 0
0 (228, 760) 0
1 (326, 1100) 1
1 (326, 996) 0
1 (460, 864) 0
1 (567, 864) 1
1 (671, 864) 0
1 (804, 995) 0
1 (804, 1090) 1
1 (804, 1189) 0
1 (667, 1324) 0
1 (565, 1324) 1
1 (462, 1324) 0
1 (326, 1192) 0
2 (268, 423) 1
2 (268, 346) 0
2 (341, 202) 0
2 (485, 123) 0
2 (568, 123) 1
2 (697, 123) 0
2 (865, 289) 0
2 (865, 417) 1
2 (865, 547) 0
2 (692, 717) 0
2 (562, 717) 1
2 (435, 717) 0
2 (268, 549) 0
charcode: 57, points: 43, contours2
0 (112, 339) 1
0 (285, 355) 1
0 (307, 233) 0
0 (431, 123) 0
0 (528, 123) 1
0 (611, 123) 0
0 (736, 199) 0
0 (816, 326) 0
0 (870, 542) 0
0 (870, 654) 1
0 (870, 666) 0
0 (869, 690) 1
0 (815, 604) 0
0 (628, 497) 0
0 (519, 497) 1
0 (337, 497) 0
0 (85, 761) 0
0 (85, 977) 1
0 (85, 1200) 0
0 (348, 1472) 0
0 (546, 1472) 1
0 (689, 1472) 0
0 (926, 1318) 0
0 (1049, 1033) 0
0 (1049, 763) 1
0 (1049, 482) 0
0 (927, 149) 0
0 (686, -25) 0
0 (524, -25) 1
0 (352, -25) 0
0 (134, 166) 0
1 (849, 986) 1
1 (849, 1141) 0
1 (684, 1323) 0
1 (568, 1323) 1
1 (448, 1323) 0
1 (270, 1127) 0
1 (270, 971) 1
1 (270, 831) 0
1 (439, 656) 0
1 (563, 656) 1
1 (688, 656) 0
1 (849, 831) 0
charcode: 58, points: 8, contours2
0 (185, 857) 1
0 (185, 1062) 1
0 (390, 1062) 1
0 (390, 857) 1
1 (185, 0) 1
1 (185, 205) 1
1 (390, 205) 1
1 (390, 0) 1
charcode: 59, points: 15, contours2
0 (182, 857) 1
0 (182, 1062) 1
0 (387, 1062) 1
0 (387, 857) 1
1 (182, 0) 1
1 (182, 205) 1
1 (387, 205) 1
1 (387, 0) 1
1 (387, -113) 0
1 (307, -252) 0
1 (220, -290) 1
1 (170, -213) 1
1 (227, -188) 0
1 (281, -91) 0
1 (284, 0) 1
charcode: 60, points: 7, contours1
0 (112, 641) 1
0 (112, 809) 1
0 (1083, 1219) 1
0 (1083, 1040) 1
0 (313, 724) 1
0 (1083, 405) 1
0 (1083, 226) 1
charcode: 61, points: 8, contours2
0 (1082, 862) 1
0 (114, 862) 1
0 (114, 1030) 1
0 (1082, 1030) 1
1 (1082, 417) 1
1 (114, 417) 1
1 (114, 585) 1
1 (1082, 585) 1
charcode: 62, points: 7, contours1
0 (1083, 641) 1
0 (112, 226) 1
0 (112, 405) 1
0 (881, 724) 1
0 (112, 1040) 1
0 (112, 1219) 1
0 (1083, 809) 1
charcode: 63, points: 35, contours2
0 (472, 361) 1
0 (471, 397) 0
0 (471, 415) 1
0 (471, 521) 0
0 (501, 598) 1
0 (523, 656) 0
0 (572, 715) 1
0 (608, 758) 0
0 (795, 923) 0
0 (851, 1021) 0
0 (851, 1079) 1
0 (851, 1184) 0
0 (687, 1343) 0
0 (568, 1343) 1
0 (453, 1343) 0
0 (299, 1199) 0
0 (275, 1046) 1
0 (90, 1068) 1
0 (115, 1273) 0
0 (362, 1491) 0
0 (565, 1491) 1
0 (780, 1491) 0
0 (1036, 1257) 0
0 (1036, 1091) 1
0 (1036, 995) 0
0 (946, 833) 0
0 (815, 717) 1
0 (727, 639) 0
0 (673, 565) 0
0 (647, 469) 0
0 (645, 361) 1
1 (461, 0) 1
1 (461, 205) 1
1 (666, 205) 1
1 (666, 0) 1
charcode: 64, points: 88, contours2
0 (1161, 163) 1
0 (1096, 88) 0
0 (935, -3) 0
0 (854, -3) 1
0 (765, -3) 0
0 (597, 101) 0
0 (492, 317) 0
0 (492, 446) 1
0 (492, 605) 0
0 (655, 924) 0
0 (897, 1084) 0
0 (1011, 1084) 1
0 (1098, 1084) 0
0 (1256, 993) 0
0 (1313, 900) 1
0 (1347, 1055) 1
0 (1526, 1055) 1
0 (1382, 384) 1
0 (1352, 244) 0
0 (1352, 229) 1
0 (1352, 202) 0
0 (1393, 163) 0
0 (1422, 163) 1
0 (1475, 163) 0
0 (1561, 224) 1
0 (1675, 304) 0
0 (1808, 573) 0
0 (1808, 716) 1
0 (1808, 883) 0
0 (1637, 1173) 0
0 (1298, 1347) 0
0 (1093, 1347) 1
0 (859, 1347) 0
0 (472, 1128) 0
0 (259, 719) 0
0 (259, 485) 1
0 (259, 240) 0
0 (472, -114) 0
0 (875, -283) 0
0 (1120, -283) 1
0 (1382, -283) 0
0 (1736, -107) 0
0 (1824, 19) 1
0 (2005, 19) 1
0 (1954, -86) 0
0 (1706, -304) 0
0 (1364, -431) 0
0 (1123, -431) 1
0 (901, -431) 0
0 (526, -317) 0
0 (262, -88) 0
0 (195, 61) 1
0 (111, 250) 0
0 (111, 469) 1
0 (111, 713) 0
0 (211, 934) 1
0 (333, 1205) 0
0 (782, 1493) 0
0 (1102, 1493) 1
0 (1350, 1493) 0
0 (1745, 1290) 0
0 (1859, 1089) 1
0 (1956, 916) 0
0 (1956, 713) 1
0 (1956, 423) 0
0 (1752, 198) 1
0 (1570, -4) 0
0 (1354, -4) 1
0 (1285, -4) 0
0 (1200, 38) 0
0 (1180, 77) 1
0 (1167, 102) 0
1 (677, 434) 1
1 (677, 297) 0
1 (807, 145) 0
1 (891, 145) 1
1 (947, 145) 0
1 (1071, 212) 0
1 (1184, 344) 0
1 (1256, 547) 0
1 (1256, 649) 1
1 (1256, 785) 0
1 (1121, 935) 0
1 (1024, 935) 1
1 (960, 935) 0
1 (847, 870) 0
1 (741, 726) 0
1 (677, 520) 0
charcode: 65, points: 15, contours2
0 (-3, 0) 1
0 (560, 1466) 1
0 (769, 1466) 1
0 (1369, 0) 1
0 (1148, 0) 1
0 (977, 444) 1
0 (364, 444) 1
0 (203, 0) 1
1 (420, 602) 1
1 (917, 602) 1
1 (764, 1008) 1
1 (694, 1193) 0
1 (660, 1312) 1
1 (632, 1171) 0
1 (581, 1032) 1
charcode: 66, points: 43, contours3
0 (150, 0) 1
0 (150, 1466) 1
0 (700, 1466) 1
0 (868, 1466) 0
0 (1071, 1377) 0
0 (1186, 1192) 0
0 (1186, 1091) 1
0 (1186, 997) 0
0 (1084, 831) 0
0 (981, 780) 1
0 (1114, 741) 0
0 (1257, 553) 0
0 (1257, 425) 1
0 (1257, 322) 0
0 (1170, 145) 0
0 (1042, 49) 0
0 (849, 0) 0
0 (709, 0) 1
1 (344, 850) 1
1 (661, 850) 1
1 (790, 850) 0
1 (846, 867) 1
1 (920, 889) 0
1 (995, 991) 0
1 (995, 1068) 1
1 (995, 1141) 0
1 (925, 1252) 0
1 (795, 1293) 0
1 (637, 1293) 1
1 (344, 1293) 1
2 (344, 173) 1
2 (709, 173) 1
2 (803, 173) 0
2 (841, 180) 1
2 (908, 192) 0
2 (998, 248) 0
2 (1056, 355) 0
2 (1056, 425) 1
2 (1056, 507) 0
2 (972, 628) 0
2 (823, 677) 0
2 (683, 677) 1
2 (344, 677) 1
charcode: 67, points: 30, contours1
0 (1204, 514) 1
0 (1398, 465) 1
0 (1337, 226) 0
0 (1020, -25) 0
0 (791, -25) 1
0 (554, -25) 0
0 (257, 168) 0
0 (102, 534) 0
0 (102, 744) 1
0 (102, 973) 0
0 (277, 1314) 0
0 (600, 1491) 0
0 (794, 1491) 1
0 (1014, 1491) 0
0 (1314, 1267) 0
0 (1373, 1064) 1
0 (1182, 1019) 1
0 (1131, 1179) 0
0 (937, 1325) 0
0 (790, 1325) 1
0 (621, 1325) 0
0 (394, 1163) 0
0 (302, 890) 0
0 (302, 745) 1
0 (302, 558) 0
0 (411, 279) 0
0 (641, 141) 0
0 (775, 141) 1
0 (938, 141) 0
0 (1164, 329) 0
charcode: 68, points: 30, contours2
0 (158, 0) 1
0 (158, 1466) 1
0 (663, 1466) 1
0 (834, 1466) 0
0 (924, 1445) 1
0 (1050, 1416) 0
0 (1139, 1340) 1
0 (1255, 1242) 0
0 (1370, 937) 0
0 (1370, 741) 1
0 (1370, 574) 0
0 (1292, 316) 0
0 (1170, 147) 0
0 (1025, 50) 0
0 (820, 0) 0
0 (687, 0) 1
1 (352, 173) 1
1 (665, 173) 1
1 (810, 173) 0
1 (975, 227) 0
1 (1024, 276) 1
1 (1093, 345) 0
1 (1170, 578) 0
1 (1170, 744) 1
1 (1170, 974) 0
1 (1019, 1221) 0
1 (911, 1263) 1
1 (833, 1293) 0
1 (660, 1293) 1
1 (352, 1293) 1
charcode: 69, points: 12, contours1
0 (162, 0) 1
0 (162, 1466) 1
0 (1222, 1466) 1
0 (1222, 1293) 1
0 (356, 1293) 1
0 (356, 844) 1
0 (1167, 844) 1
0 (1167, 672) 1
0 (356, 672) 1
0 (356, 173) 1
0 (1256, 173) 1
0 (1256, 0) 1
charcode: 70, points: 10, contours1
0 (168, 0) 1
0 (168, 1466) 1
0 (1157, 1466) 1
0 (1157, 1293) 1
0 (362, 1293) 1
0 (362, 839) 1
0 (1050, 839) 1
0 (1050, 666) 1
0 (362, 666) 1
0 (362, 0) 1
charcode: 71, points: 38, contours1
0 (844, 575) 1
0 (844, 747) 1
0 (1465, 748) 1
0 (1465, 204) 1
0 (1322, 90) 0
0 (1018, -25) 0
0 (858, -25) 1
0 (642, -25) 0
0 (289, 160) 0
0 (109, 510) 0
0 (109, 726) 1
0 (109, 940) 0
0 (288, 1311) 0
0 (624, 1491) 0
0 (843, 1491) 1
0 (1002, 1491) 0
0 (1259, 1388) 0
0 (1405, 1204) 0
0 (1443, 1056) 1
0 (1268, 1008) 1
0 (1235, 1120) 0
0 (1137, 1248) 0
0 (955, 1325) 0
0 (844, 1325) 1
0 (711, 1325) 0
0 (517, 1244) 0
0 (398, 1112) 0
0 (365, 1033) 1
0 (309, 897) 0
0 (309, 738) 1
0 (309, 542) 0
0 (444, 278) 0
0 (702, 150) 0
0 (847, 150) 1
0 (973, 150) 0
0 (1213, 247) 0
0 (1275, 302) 1
0 (1275, 575) 1
charcode: 72, points: 12, contours1
0 (164, 0) 1
0 (164, 1466) 1
0 (358, 1466) 1
0 (358, 864) 1
0 (1120, 864) 1
0 (1120, 1466) 1
0 (1314, 1466) 1
0 (1314, 0) 1
0 (1120, 0) 1
0 (1120, 691) 1
0 (358, 691) 1
0 (358, 0) 1
charcode: 73, points: 4, contours1
0 (191, 0) 1
0 (191, 1466) 1
0 (385, 1466) 1
0 (385, 0) 1
charcode: 74, points: 18, contours1
0 (59, 416) 1
0 (234, 440) 1
0 (241, 272) 0
0 (353, 148) 0
0 (452, 148) 1
0 (525, 148) 0
0 (631, 215) 0
0 (671, 330) 0
0 (671, 456) 1
0 (671, 1466) 1
0 (865, 1466) 1
0 (865, 467) 1
0 (865, 283) 0
0 (776, 81) 0
0 (583, -25) 0
0 (453, -25) 1
0 (260, -25) 0
0 (55, 197) 0
charcode: 75, points: 12, contours1
0 (150, 0) 1
0 (150, 1466) 1
0 (344, 1466) 1
0 (344, 739) 1
0 (1072, 1466) 1
0 (1335, 1466) 1
0 (720, 872) 1
0 (1362, 0) 1
0 (1106, 0) 1
0 (584, 742) 1
0 (344, 508) 1
0 (344, 0) 1
charcode: 76, points: 6, contours1
0 (150, 0) 1
0 (150, 1466) 1
0 (344, 1466) 1
0 (344, 173) 1
0 (1066, 173) 1
0 (1066, 0) 1
charcode: 77, points: 17, contours1
0 (152, 0) 1
0 (152, 1466) 1
0 (444, 1466) 1
0 (791, 428) 1
0 (839, 283) 0
0 (861, 211) 1
0 (886, 291) 0
0 (939, 446) 1
0 (1290, 1466) 1
0 (1551, 1466) 1
0 (1551, 0) 1
0 (1364, 0) 1
0 (1364, 1227) 1
0 (938, 0) 1
0 (763, 0) 1
0 (339, 1248) 1
0 (339, 0) 1
charcode: 78, points: 10, contours1
0 (156, 0) 1
0 (156, 1466) 1
0 (355, 1466) 1
0 (1125, 315) 1
0 (1125, 1466) 1
0 (1311, 1466) 1
0 (1311, 0) 1
0 (1112, 0) 1
0 (342, 1152) 1
0 (342, 0) 1
charcode: 79, points: 28, contours2
0 (99, 714) 1
0 (99, 1079) 0
0 (491, 1492) 0
0 (801, 1492) 1
0 (1004, 1492) 0
0 (1330, 1298) 0
0 (1501, 951) 0
0 (1501, 731) 1
0 (1501, 508) 0
0 (1321, 156) 0
0 (991, -25) 0
0 (800, -25) 1
0 (593, -25) 0
0 (267, 175) 0
0 (99, 521) 0
1 (299, 711) 1
1 (299, 446) 0
1 (584, 141) 0
1 (799, 141) 1
1 (1018, 141) 0
1 (1301, 449) 0
1 (1301, 732) 1
1 (1301, 911) 0
1 (1180, 1178) 0
1 (947, 1325) 0
1 (802, 1325) 1
1 (596, 1325) 0
1 (299, 1042) 0
charcode: 80, points: 25, contours2
0 (158, 0) 1
0 (158, 1466) 1
0 (711, 1466) 1
0 (857, 1466) 0
0 (934, 1452) 1
0 (1042, 1434) 0
0 (1188, 1333) 0
0 (1277, 1151) 0
0 (1277, 1042) 1
0 (1277, 855) 0
0 (1039, 596) 0
0 (728, 596) 1
0 (352, 596) 1
0 (352, 0) 1
1 (352, 769) 1
1 (731, 769) 1
1 (919, 769) 0
1 (1077, 909) 0
1 (1077, 1036) 1
1 (1077, 1128) 0
1 (984, 1259) 0
1 (908, 1280) 1
1 (859, 1293) 0
1 (727, 1293) 1
1 (352, 1293) 1
charcode: 81, points: 41, contours2
0 (1269, 157) 1
0 (1404, 64) 0
0 (1518, 21) 1
0 (1461, -114) 1
0 (1303, -57) 0
0 (1146, 66) 1
0 (983, -25) 0
0 (786, -25) 1
0 (587, -25) 0
0 (263, 167) 0
0 (88, 515) 0
0 (88, 733) 1
0 (88, 950) 0
0 (264, 1306) 0
0 (589, 1492) 0
0 (790, 1492) 1
0 (993, 1492) 0
0 (1319, 1299) 0
0 (1490, 952) 0
0 (1490, 734) 1
0 (1490, 553) 0
0 (1380, 264) 0
1 (842, 405) 1
1 (1010, 358) 0
1 (1119, 265) 1
1 (1290, 421) 0
1 (1290, 734) 1
1 (1290, 912) 0
1 (1169, 1178) 0
1 (936, 1325) 0
1 (791, 1325) 1
1 (574, 1325) 0
1 (288, 1028) 0
1 (288, 733) 1
1 (288, 447) 0
1 (571, 141) 0
1 (791, 141) 1
1 (895, 141) 0
1 (987, 180) 1
1 (896, 239) 0
1 (795, 264) 1
charcode: 82, points: 35, contours2
0 (161, 0) 1
0 (161, 1466) 1
0 (811, 1466) 1
0 (1007, 1466) 0
0 (1211, 1387) 0
0 (1333, 1187) 0
0 (1333, 1066) 1
0 (1333, 910) 0
0 (1131, 696) 0
0 (920, 667) 1
0 (997, 630) 0
0 (1037, 594) 1
0 (1122, 516) 0
0 (1198, 399) 1
0 (1453, 0) 1
0 (1209, 0) 1
0 (1015, 305) 1
0 (930, 437) 0
0 (820, 577) 0
0 (733, 633) 0
0 (688, 644) 1
0 (655, 651) 0
0 (580, 651) 1
0 (355, 651) 1
0 (355, 0) 1
1 (355, 819) 1
1 (772, 819) 1
1 (905, 819) 0
1 (1055, 874) 0
1 (1133, 995) 0
1 (1133, 1066) 1
1 (1133, 1170) 0
1 (982, 1304) 0
1 (819, 1304) 1
1 (355, 1304) 1
charcode: 83, points: 49, contours1
0 (92, 471) 1
0 (275, 487) 1
0 (288, 377) 0
0 (383, 236) 0
0 (583, 149) 0
0 (708, 149) 1
0 (819, 149) 0
0 (989, 215) 0
0 (1072, 330) 0
0 (1072, 398) 1
0 (1072, 467) 0
0 (992, 570) 0
0 (900, 605) 1
0 (841, 628) 0
0 (437, 725) 0
0 (356, 768) 1
0 (251, 823) 0
0 (148, 986) 0
0 (148, 1087) 1
0 (148, 1198) 0
0 (274, 1391) 0
0 (516, 1491) 0
0 (664, 1491) 1
0 (827, 1491) 0
0 (1076, 1386) 0
0 (1210, 1182) 0
0 (1215, 1053) 1
0 (1029, 1039) 1
0 (1014, 1178) 0
0 (841, 1320) 0
0 (672, 1320) 1
0 (496, 1320) 0
0 (335, 1191) 0
0 (335, 1100) 1
0 (335, 1021) 0
0 (392, 970) 1
0 (448, 919) 0
0 (921, 812) 0
0 (1009, 772) 1
0 (1137, 713) 0
0 (1259, 532) 0
0 (1259, 414) 1
0 (1259, 297) 0
0 (1125, 90) 0
0 (874, -25) 0
0 (717, -25) 1
0 (518, -25) 0
0 (249, 91) 0
0 (96, 324) 0
charcode: 84, points: 8, contours1
0 (531, 0) 1
0 (531, 1293) 1
0 (48, 1293) 1
0 (48, 1466) 1
0 (1210, 1466) 1
0 (1210, 1293) 1
0 (725, 1293) 1
0 (725, 0) 1
charcode: 85, points: 21, contours1
0 (1120, 1466) 1
0 (1314, 1466) 1
0 (1314, 619) 1
0 (1314, 398) 0
0 (1214, 138) 0
0 (953, -25) 0
0 (741, -25) 1
0 (535, -25) 0
0 (273, 117) 0
0 (161, 386) 0
0 (161, 619) 1
0 (161, 1466) 1
0 (355, 1466) 1
0 (355, 620) 1
0 (355, 429) 0
0 (426, 248) 0
0 (599, 150) 0
0 (724, 150) 1
0 (938, 150) 0
0 (1120, 344) 0
0 (1120, 620) 1
charcode: 86, points: 11, contours1
0 (577, 0) 1
0 (9, 1466) 1
0 (219, 1466) 1
0 (600, 401) 1
0 (646, 273) 0
0 (677, 161) 1
0 (711, 281) 0
0 (756, 401) 1
0 (1152, 1466) 1
0 (1350, 1466) 1
0 (776, 0) 1
charcode: 87, points: 25, contours1
0 (414, 0) 1
0 (25, 1466) 1
0 (224, 1466) 1
0 (447, 505) 1
0 (483, 354) 0
0 (509, 205) 1
0 (565, 440) 0
0 (575, 476) 1
0 (854, 1466) 1
0 (1088, 1466) 1
0 (1298, 724) 1
0 (1377, 448) 0
0 (1412, 205) 1
0 (1440, 344) 0
0 (1485, 524) 1
0 (1715, 1466) 1
0 (1910, 1466) 1
0 (1508, 0) 1
0 (1321, 0) 1
0 (1012, 1117) 1
0 (973, 1257) 0
0 (966, 1289) 1
0 (943, 1188) 0
0 (923, 1117) 1
0 (612, 0) 1
charcode: 88, points: 20, contours1
0 (9, 0) 1
0 (576, 764) 1
0 (76, 1466) 1
0 (307, 1466) 1
0 (573, 1090) 1
0 (656, 973) 0
0 (691, 910) 1
0 (740, 990) 0
0 (807, 1077) 1
0 (1102, 1466) 1
0 (1313, 1466) 1
0 (798, 775) 1
0 (1353, 0) 1
0 (1113, 0) 1
0 (744, 523) 1
0 (713, 568) 0
0 (680, 621) 1
0 (631, 541) 0
0 (610, 511) 1
0 (242, 0) 1
charcode: 89, points: 13, contours1
0 (571, 0) 1
0 (571, 621) 1
0 (6, 1466) 1
0 (242, 1466) 1
0 (531, 1024) 1
0 (611, 900) 0
0 (680, 776) 1
0 (746, 891) 0
0 (840, 1035) 1
0 (1124, 1466) 1
0 (1350, 1466) 1
0 (765, 621) 1
0 (765, 0) 1
charcode: 90, points: 13, contours1
0 (41, 0) 1
0 (41, 180) 1
0 (792, 1119) 1
0 (872, 1219) 0
0 (944, 1293) 1
0 (126, 1293) 1
0 (126, 1466) 1
0 (1176, 1466) 1
0 (1176, 1293) 1
0 (353, 276) 1
0 (264, 173) 1
0 (1200, 173) 1
0 (1200, 0) 1
charcode: 91, points: 8, contours1
0 (139, -407) 1
0 (139, 1466) 1
0 (536, 1466) 1
0 (536, 1317) 1
0 (319, 1317) 1
0 (319, -258) 1
0 (536, -258) 1
0 (536, -407) 1
charcode: 92, points: 4, contours1
0 (425, -25) 1
0 (0, 1491) 1
0 (145, 1491) 1
0 (569, -25) 1
charcode: 93, points: 8, contours1
0 (436, -407) 1
0 (39, -407) 1
0 (39, -258) 1
0 (256, -258) 1
0 (256, 1317) 1
0 (39, 1317) 1
0 (39, 1466) 1
0 (436, 1466) 1
charcode: 94, points: 7, contours1
0 (239, 690) 1
0 (54, 690) 1
0 (407, 1491) 1
0 (552, 1491) 1
0 (907, 690) 1
0 (726, 690) 1
0 (479, 1287) 1
charcode: 95, points: 4, contours1
0 (-31, -407) 1
0 (-31, -277) 1
0 (1162, -277) 1
0 (1162, -407) 1
charcode: 96, points: 4, contours1
0 (465, 1194) 1
0 (320, 1194) 1
0 (89, 1474) 1
0 (330, 1474) 1
charcode: 97, points: 56, contours2
0 (828, 131) 1
0 (728, 46) 0
0 (543, -24) 0
0 (437, -24) 1
0 (262, -24) 0
0 (74, 147) 0
0 (74, 280) 1
0 (74, 358) 0
0 (145, 487) 0
0 (260, 565) 0
0 (332, 585) 1
0 (385, 599) 0
0 (492, 612) 1
0 (710, 638) 0
0 (813, 674) 1
0 (814, 711) 0
0 (814, 721) 1
0 (814, 831) 0
0 (763, 876) 1
0 (694, 937) 0
0 (558, 937) 1
0 (431, 937) 0
0 (310, 848) 0
0 (281, 735) 1
0 (105, 759) 1
0 (129, 872) 0
0 (239, 1011) 0
0 (447, 1086) 0
0 (584, 1086) 1
0 (720, 1086) 0
0 (890, 1022) 0
0 (970, 925) 0
0 (986, 851) 1
0 (995, 805) 0
0 (995, 685) 1
0 (995, 445) 1
0 (995, 194) 0
0 (1018, 61) 0
0 (1052, 0) 1
0 (864, 0) 1
0 (836, 56) 0
1 (813, 533) 1
1 (715, 493) 0
1 (519, 465) 1
1 (408, 449) 0
1 (316, 409) 0
1 (266, 332) 0
1 (266, 285) 1
1 (266, 213) 0
1 (375, 117) 0
1 (480, 117) 1
1 (584, 117) 0
1 (746, 208) 0
1 (784, 287) 1
1 (813, 348) 0
1 (813, 467) 1
charcode: 98, points: 30, contours2
0 (301, 0) 1
0 (134, 0) 1
0 (134, 1466) 1
0 (314, 1466) 1
0 (314, 943) 1
0 (428, 1086) 0
0 (605, 1086) 1
0 (703, 1086) 0
0 (878, 1007) 0
0 (991, 864) 0
0 (1055, 662) 0
0 (1055, 547) 1
0 (1055, 274) 0
0 (785, -24) 0
0 (596, -24) 1
0 (408, -24) 0
0 (301, 133) 1
1 (299, 539) 1
1 (299, 348) 0
1 (351, 263) 1
1 (436, 124) 0
1 (581, 124) 1
1 (699, 124) 0
1 (871, 329) 0
1 (871, 532) 1
1 (871, 740) 0
1 (706, 938) 0
1 (589, 938) 1
1 (471, 938) 0
1 (299, 733) 0
charcode: 99, points: 27, contours1
0 (828, 389) 1
0 (1005, 366) 1
0 (976, 183) 0
0 (737, -24) 0
0 (563, -24) 1
0 (345, -24) 0
0 (80, 261) 0
0 (80, 527) 1
0 (80, 699) 0
0 (194, 957) 0
0 (427, 1086) 0
0 (564, 1086) 1
0 (737, 1086) 0
0 (957, 911) 0
0 (988, 750) 1
0 (813, 723) 1
0 (788, 830) 0
0 (661, 938) 0
0 (571, 938) 1
0 (435, 938) 0
0 (265, 743) 0
0 (265, 532) 1
0 (265, 318) 0
0 (429, 124) 0
0 (561, 124) 1
0 (667, 124) 0
0 (809, 254) 0
charcode: 100, points: 30, contours2
0 (824, 0) 1
0 (824, 134) 1
0 (723, -24) 0
0 (527, -24) 1
0 (400, -24) 0
0 (187, 116) 0
0 (70, 367) 0
0 (70, 530) 1
0 (70, 689) 0
0 (176, 948) 0
0 (388, 1086) 0
0 (519, 1086) 1
0 (615, 1086) 0
0 (765, 1005) 0
0 (812, 940) 1
0 (812, 1466) 1
0 (991, 1466) 1
0 (991, 0) 1
1 (255, 530) 1
1 (255, 326) 0
1 (427, 124) 0
1 (544, 124) 1
1 (662, 124) 0
1 (827, 317) 0
1 (827, 515) 1
1 (827, 733) 0
1 (659, 937) 0
1 (536, 937) 1
1 (416, 937) 0
1 (255, 741) 0
charcode: 101, points: 30, contours2
0 (862, 342) 1
0 (1048, 319) 1
0 (1004, 156) 0
0 (766, -24) 0
0 (581, -24) 1
0 (348, -24) 0
0 (75, 263) 0
0 (75, 522) 1
0 (75, 790) 0
0 (351, 1086) 0
0 (571, 1086) 1
0 (784, 1086) 0
0 (1054, 796) 0
0 (1054, 533) 1
0 (1054, 517) 0
0 (1053, 485) 1
0 (261, 485) 1
0 (271, 310) 0
0 (449, 124) 0
0 (582, 124) 1
0 (681, 124) 0
0 (821, 228) 0
1 (271, 633) 1
1 (864, 633) 1
1 (852, 767) 0
1 (796, 834) 1
1 (710, 938) 0
1 (573, 938) 1
1 (449, 938) 0
1 (280, 772) 0
charcode: 102, points: 24, contours1
0 (178, 0) 1
0 (178, 922) 1
0 (19, 922) 1
0 (19, 1062) 1
0 (178, 1062) 1
0 (178, 1175) 1
0 (178, 1282) 0
0 (197, 1334) 1
0 (223, 1404) 0
0 (354, 1491) 0
0 (472, 1491) 1
0 (548, 1491) 0
0 (640, 1473) 1
0 (613, 1316) 1
0 (557, 1326) 0
0 (507, 1326) 1
0 (425, 1326) 0
0 (357, 1256) 0
0 (357, 1160) 1
0 (357, 1062) 1
0 (564, 1062) 1
0 (564, 922) 1
0 (357, 922) 1
0 (357, 0) 1
charcode: 103, points: 43, contours2
0 (102, -88) 1
0 (277, -114) 1
0 (288, -195) 0
0 (338, -232) 1
0 (405, -282) 0
0 (521, -282) 1
0 (646, -282) 0
0 (782, -182) 0
0 (806, -92) 1
0 (820, -37) 0
0 (819, 139) 1
0 (701, 0) 0
0 (525, 0) 1
0 (306, 0) 0
0 (66, 316) 0
0 (66, 537) 1
0 (66, 689) 0
0 (176, 946) 0
0 (385, 1086) 0
0 (526, 1086) 1
0 (714, 1086) 0
0 (836, 934) 1
0 (836, 1062) 1
0 (1002, 1062) 1
0 (1002, 144) 1
0 (1002, -104) 0
0 (901, -311) 0
0 (682, -431) 0
0 (522, -431) 1
0 (332, -431) 0
0 (98, -260) 0
1 (251, 550) 1
1 (251, 341) 0
1 (417, 149) 0
1 (542, 149) 1
1 (666, 149) 0
1 (834, 340) 0
1 (834, 544) 1
1 (834, 739) 0
1 (661, 937) 0
1 (539, 937) 1
1 (419, 937) 0
1 (251, 742) 0
charcode: 104, points: 21, contours1
0 (135, 0) 1
0 (135, 1466) 1
0 (315, 1466) 1
0 (315, 940) 1
0 (441, 1086) 0
0 (633, 1086) 1
0 (751, 1086) 0
0 (925, 993) 0
0 (1000, 829) 0
0 (1000, 673) 1
0 (1000, 0) 1
0 (820, 0) 1
0 (820, 673) 1
0 (820, 808) 0
0 (703, 931) 0
0 (596, 931) 1
0 (516, 931) 0
0 (375, 848) 0
0 (315, 706) 0
0 (315, 581) 1
0 (315, 0) 1
charcode: 105, points: 8, contours2
0 (136, 1259) 1
0 (136, 1466) 1
0 (316, 1466) 1
0 (316, 1259) 1
1 (136, 0) 1
1 (136, 1062) 1
1 (316, 1062) 1
1 (316, 0) 1
charcode: 106, points: 19, contours2
0 (134, 1257) 1
0 (134, 1466) 1
0 (314, 1466) 1
0 (314, 1257) 1
1 (-94, -412) 1
1 (-60, -259) 1
1 (-6, -273) 0
1 (25, -273) 1
1 (80, -273) 0
1 (134, -200) 0
1 (134, -54) 1
1 (134, 1062) 1
1 (314, 1062) 1
1 (314, -58) 1
1 (314, -254) 0
1 (263, -331) 1
1 (198, -431) 0
1 (47, -431) 1
1 (-26, -431) 0
charcode: 107, points: 12, contours1
0 (136, 0) 1
0 (136, 1466) 1
0 (316, 1466) 1
0 (316, 630) 1
0 (742, 1062) 1
0 (975, 1062) 1
0 (569, 668) 1
0 (1016, 0) 1
0 (794, 0) 1
0 (443, 543) 1
0 (316, 421) 1
0 (316, 0) 1
charcode: 108, points: 4, contours1
0 (131, 0) 1
0 (131, 1466) 1
0 (311, 1466) 1
0 (311, 0) 1
charcode: 109, points: 36, contours1
0 (135, 0) 1
0 (135, 1062) 1
0 (296, 1062) 1
0 (296, 913) 1
0 (346, 991) 0
0 (512, 1086) 0
0 (618, 1086) 1
0 (736, 1086) 0
0 (887, 988) 0
0 (918, 900) 1
0 (1044, 1086) 0
0 (1246, 1086) 1
0 (1404, 1086) 0
0 (1574, 911) 0
0 (1574, 729) 1
0 (1574, 0) 1
0 (1395, 0) 1
0 (1395, 669) 1
0 (1395, 777) 0
0 (1360, 872) 0
0 (1268, 930) 0
0 (1206, 930) 1
0 (1094, 930) 0
0 (946, 781) 0
0 (946, 617) 1
0 (946, 0) 1
0 (766, 0) 1
0 (766, 690) 1
0 (766, 810) 0
0 (678, 930) 0
0 (578, 930) 1
0 (502, 930) 0
0 (373, 850) 0
0 (315, 696) 0
0 (315, 551) 1
0 (315, 0) 1
charcode: 110, points: 23, contours1
0 (135, 0) 1
0 (135, 1062) 1
0 (297, 1062) 1
0 (297, 911) 1
0 (414, 1086) 0
0 (635, 1086) 1
0 (731, 1086) 0
0 (892, 1017) 0
0 (972, 905) 0
0 (988, 828) 1
0 (998, 778) 0
0 (998, 653) 1
0 (998, 0) 1
0 (818, 0) 1
0 (818, 646) 1
0 (818, 756) 0
0 (776, 865) 0
0 (669, 930) 0
0 (597, 930) 1
0 (482, 930) 0
0 (315, 784) 0
0 (315, 580) 1
0 (315, 0) 1
charcode: 111, points: 26, contours2
0 (68, 531) 1
0 (68, 826) 0
0 (232, 968) 1
0 (369, 1086) 0
0 (566, 1086) 1
0 (785, 1086) 0
0 (1063, 799) 0
0 (1063, 546) 1
0 (1063, 341) 0
0 (940, 106) 0
0 (705, -24) 0
0 (566, -24) 1
0 (343, -24) 0
0 (68, 262) 0
1 (253, 531) 1
1 (253, 327) 0
1 (431, 124) 0
1 (566, 124) 1
1 (700, 124) 0
1 (878, 328) 0
1 (878, 537) 1
1 (878, 734) 0
1 (699, 937) 0
1 (566, 937) 1
1 (431, 937) 0
1 (253, 735) 0
charcode: 112, points: 31, contours2
0 (135, -407) 1
0 (135, 1062) 1
0 (299, 1062) 1
0 (299, 924) 1
0 (357, 1005) 0
0 (503, 1086) 0
0 (607, 1086) 1
0 (743, 1086) 0
0 (951, 946) 0
0 (1057, 691) 0
0 (1057, 539) 1
0 (1057, 376) 0
0 (940, 115) 0
0 (717, -24) 0
0 (594, -24) 1
0 (504, -24) 0
0 (361, 52) 0
0 (315, 110) 1
0 (315, -407) 1
1 (298, 525) 1
1 (298, 320) 0
1 (464, 124) 0
1 (582, 124) 1
1 (702, 124) 0
1 (873, 327) 0
1 (873, 540) 1
1 (873, 743) 0
1 (706, 945) 0
1 (590, 945) 1
1 (475, 945) 0
1 (298, 730) 0
charcode: 113, points: 29, contours2
0 (812, -407) 1
0 (812, 113) 1
0 (770, 54) 0
0 (619, -24) 0
0 (534, -24) 1
0 (345, -24) 0
0 (72, 278) 0
0 (72, 541) 1
0 (72, 701) 0
0 (183, 955) 0
0 (394, 1086) 0
0 (520, 1086) 1
0 (717, 1086) 0
0 (830, 920) 1
0 (830, 1062) 1
0 (992, 1062) 1
0 (992, -407) 1
1 (257, 534) 1
1 (257, 329) 0
1 (429, 124) 0
1 (549, 124) 1
1 (664, 124) 0
1 (830, 319) 0
1 (830, 518) 1
1 (830, 730) 0
1 (655, 944) 0
1 (537, 944) 1
1 (420, 944) 0
1 (257, 745) 0
charcode: 114, points: 18, contours1
0 (133, 0) 1
0 (133, 1062) 1
0 (295, 1062) 1
0 (295, 901) 1
0 (357, 1014) 0
0 (462, 1086) 0
0 (525, 1086) 1
0 (616, 1086) 0
0 (710, 1028) 1
0 (648, 861) 1
0 (582, 900) 0
0 (516, 900) 1
0 (457, 900) 0
0 (363, 829) 0
0 (343, 766) 1
0 (313, 670) 0
0 (313, 556) 1
0 (313, 0) 1
charcode: 115, points: 49, contours1
0 (63, 317) 1
0 (241, 345) 1
0 (256, 238) 0
0 (393, 124) 0
0 (516, 124) 1
0 (640, 124) 0
0 (760, 225) 0
0 (760, 293) 1
0 (760, 354) 0
0 (707, 389) 1
0 (670, 413) 0
0 (523, 450) 1
0 (325, 500) 0
0 (172, 573) 0
0 (93, 702) 0
0 (93, 780) 1
0 (93, 851) 0
0 (158, 972) 0
0 (214, 1012) 1
0 (256, 1043) 0
0 (401, 1086) 0
0 (484, 1086) 1
0 (609, 1086) 0
0 (798, 1014) 0
0 (888, 891) 0
0 (905, 788) 1
0 (729, 764) 1
0 (717, 846) 0
0 (602, 938) 0
0 (497, 938) 1
0 (373, 938) 0
0 (267, 856) 0
0 (267, 801) 1
0 (267, 766) 0
0 (289, 738) 1
0 (311, 709) 0
0 (358, 690) 1
0 (385, 680) 0
0 (517, 644) 1
0 (708, 593) 0
0 (859, 528) 0
0 (945, 404) 0
0 (945, 312) 1
0 (945, 222) 0
0 (840, 63) 0
0 (642, -24) 0
0 (517, -24) 1
0 (310, -24) 0
0 (93, 148) 0
charcode: 116, points: 24, contours1
0 (528, 161) 1
0 (554, 2) 1
0 (478, -14) 0
0 (418, -14) 1
0 (320, -14) 0
0 (212, 48) 0
0 (168, 149) 0
0 (168, 311) 1
0 (168, 922) 1
0 (36, 922) 1
0 (36, 1062) 1
0 (168, 1062) 1
0 (168, 1325) 1
0 (347, 1433) 1
0 (347, 1062) 1
0 (528, 1062) 1
0 (528, 922) 1
0 (347, 922) 1
0 (347, 301) 1
0 (347, 224) 0
0 (366, 180) 0
0 (409, 154) 0
0 (449, 154) 1
0 (479, 154) 0
charcode: 117, points: 25, contours1
0 (831, 0) 1
0 (831, 156) 1
0 (707, -24) 0
0 (494, -24) 1
0 (400, -24) 0
0 (237, 48) 0
0 (158, 157) 0
0 (142, 236) 1
0 (131, 289) 0
0 (131, 404) 1
0 (131, 1062) 1
0 (311, 1062) 1
0 (311, 473) 1
0 (311, 332) 0
0 (322, 283) 1
0 (339, 212) 0
0 (449, 131) 0
0 (530, 131) 1
0 (611, 131) 0
0 (753, 214) 0
0 (812, 357) 0
0 (812, 493) 1
0 (812, 1062) 1
0 (992, 1062) 1
0 (992, 0) 1
charcode: 118, points: 11, contours1
0 (430, 0) 1
0 (26, 1062) 1
0 (216, 1062) 1
0 (444, 426) 1
0 (481, 323) 0
0 (512, 212) 1
0 (536, 296) 0
0 (579, 414) 1
0 (815, 1062) 1
0 (1000, 1062) 1
0 (598, 0) 1
charcode: 119, points: 19, contours1
0 (331, 0) 1
0 (6, 1062) 1
0 (192, 1062) 1
0 (361, 449) 1
0 (424, 221) 1
0 (428, 238) 0
0 (479, 440) 1
0 (648, 1062) 1
0 (833, 1062) 1
0 (992, 446) 1
0 (1045, 243) 1
0 (1106, 448) 1
0 (1288, 1062) 1
0 (1463, 1062) 1
0 (1131, 0) 1
0 (944, 0) 1
0 (775, 636) 1
0 (734, 817) 1
0 (519, 0) 1
charcode: 120, points: 17, contours1
0 (15, 0) 1
0 (403, 552) 1
0 (44, 1062) 1
0 (269, 1062) 1
0 (432, 813) 1
0 (478, 742) 0
0 (506, 694) 1
0 (550, 760) 0
0 (587, 811) 1
0 (766, 1062) 1
0 (981, 1062) 1
0 (614, 562) 1
0 (1009, 0) 1
0 (788, 0) 1
0 (570, 330) 1
0 (512, 419) 1
0 (233, 0) 1
charcode: 121, points: 27, contours1
0 (127, -409) 1
0 (107, -240) 1
0 (166, -256) 0
0 (210, -256) 1
0 (270, -256) 0
0 (342, -216) 0
0 (365, -180) 1
0 (382, -153) 0
0 (420, -46) 1
0 (425, -31) 0
0 (436, -2) 1
0 (33, 1062) 1
0 (227, 1062) 1
0 (448, 447) 1
0 (491, 330) 0
0 (525, 201) 1
0 (556, 325) 0
0 (599, 443) 1
0 (826, 1062) 1
0 (1006, 1062) 1
0 (602, -18) 1
0 (537, -193) 0
0 (501, -259) 1
0 (453, -348) 0
0 (329, -431) 0
0 (243, -431) 1
0 (191, -431) 0
charcode: 122, points: 15, contours1
0 (40, 0) 1
0 (40, 146) 1
0 (716, 922) 1
0 (601, 916) 0
0 (513, 916) 1
0 (80, 916) 1
0 (80, 1062) 1
0 (948, 1062) 1
0 (948, 943) 1
0 (373, 269) 1
0 (262, 146) 1
0 (383, 155) 0
0 (489, 155) 1
0 (980, 155) 1
0 (980, 0) 1
charcode: 123, points: 43, contours1
0 (57, 612) 1
0 (134, 614) 0
0 (231, 693) 0
0 (263, 831) 0
0 (265, 1165) 0
0 (270, 1218) 1
0 (279, 1302) 0
0 (328, 1404) 0
0 (400, 1465) 0
0 (456, 1481) 1
0 (494, 1491) 0
0 (580, 1491) 1
0 (636, 1491) 1
0 (636, 1334) 1
0 (605, 1334) 1
0 (501, 1334) 0
0 (433, 1259) 0
0 (433, 1129) 1
0 (433, 867) 0
0 (422, 798) 1
0 (404, 691) 0
0 (317, 575) 0
0 (224, 530) 1
0 (334, 484) 0
0 (433, 295) 0
0 (433, 80) 1
0 (433, -115) 0
0 (437, -152) 1
0 (445, -220) 0
0 (510, -274) 0
0 (605, -274) 1
0 (636, -274) 1
0 (636, -431) 1
0 (580, -431) 1
0 (482, -431) 0
0 (438, -415) 1
0 (374, -392) 0
0 (290, -289) 0
0 (265, -131) 0
0 (263, 229) 0
0 (231, 367) 0
0 (134, 447) 0
0 (57, 449) 1
charcode: 124, points: 4, contours1
0 (188, -431) 1
0 (188, 1491) 1
0 (345, 1491) 1
0 (345, -431) 1
charcode: 125, points: 43, contours1
0 (626, 612) 1
0 (626, 449) 1
0 (549, 447) 0
0 (452, 367) 0
0 (420, 230) 0
0 (418, -104) 0
0 (413, -157) 1
0 (404, -242) 0
0 (355, -343) 0
0 (283, -404) 0
0 (227, -420) 1
0 (189, -431) 0
0 (103, -431) 1
0 (47, -431) 1
0 (47, -274) 1
0 (78, -274) 1
0 (182, -274) 0
0 (250, -199) 0
0 (250, -68) 1
0 (250, 182) 0
0 (259, 249) 1
0 (275, 360) 0
0 (371, 493) 0
0 (459, 530) 1
0 (344, 585) 0
0 (250, 766) 0
0 (250, 981) 1
0 (250, 1176) 0
0 (245, 1214) 1
0 (238, 1281) 0
0 (173, 1334) 0
0 (78, 1334) 1
0 (47, 1334) 1
0 (47, 1491) 1
0 (103, 1491) 1
0 (201, 1491) 0
0 (245, 1475) 1
0 (309, 1453) 0
0 (393, 1349) 0
0 (418, 1191) 0
0 (420, 831) 0
0 (452, 694) 0
0 (549, 614) 0
charcode: 126, points: 23, contours1
0 (87, 557) 1
0 (87, 762) 1
0 (193, 882) 0
0 (365, 882) 1
0 (425, 882) 0
0 (557, 847) 0
0 (679, 795) 1
0 (748, 766) 0
0 (817, 748) 0
0 (852, 748) 1
0 (917, 748) 0
0 (1056, 826) 0
0 (1110, 885) 1
0 (1110, 673) 1
0 (1046, 613) 0
0 (915, 559) 0
0 (833, 559) 1
0 (773, 559) 0
0 (664, 587) 0
0 (427, 693) 0
0 (348, 693) 1
0 (284, 693) 0
0 (171, 638) 0
charcode: 160, points: 0, contours0
charcode: 161, points: 10, contours2
0 (447, 1062) 1
0 (447, 857) 1
0 (240, 857) 1
0 (240, 1062) 1
1 (400, 697) 1
1 (455, -79) 1
1 (455, -404) 1
1 (232, -404) 1
1 (232, -79) 1
1 (284, 697) 1
charcode: 162, points: 43, contours2
0 (744, 894) 1
0 (522, 128) 1
0 (555, 119) 0
0 (583, 119) 1
0 (687, 119) 0
0 (838, 261) 0
0 (855, 389) 1
0 (1034, 369) 1
0 (1001, 184) 0
0 (754, -28) 0
0 (586, -28) 1
0 (537, -28) 0
0 (483, -14) 1
0 (365, -409) 1
0 (253, -377) 1
0 (368, 21) 1
0 (253, 76) 0
0 (107, 333) 0
0 (107, 526) 1
0 (107, 704) 0
0 (224, 959) 0
0 (457, 1087) 0
0 (578, 1087) 1
0 (614, 1087) 0
0 (678, 1079) 1
0 (791, 1466) 1
0 (901, 1434) 1
0 (789, 1047) 1
0 (888, 1004) 0
0 (994, 859) 0
0 (1015, 750) 1
0 (840, 723) 1
0 (814, 835) 0
1 (638, 940) 1
1 (606, 943) 0
1 (588, 943) 1
1 (506, 943) 0
1 (363, 852) 0
1 (292, 661) 0
1 (292, 535) 1
1 (292, 403) 0
1 (356, 221) 0
1 (415, 177) 1
charcode: 163, points: 58, contours1
0 (396, 809) 1
0 (711, 809) 1
0 (711, 661) 1
0 (427, 661) 1
0 (446, 617) 0
0 (446, 573) 1
0 (446, 486) 0
0 (363, 292) 0
0 (268, 191) 1
0 (347, 213) 0
0 (412, 213) 1
0 (495, 213) 0
0 (599, 188) 1
0 (771, 147) 0
0 (832, 147) 1
0 (906, 147) 0
0 (1024, 203) 1
0 (1082, 38) 1
0 (990, -1) 0
0 (889, -25) 0
0 (839, -25) 1
0 (797, -25) 0
0 (754, -17) 1
0 (727, -12) 0
0 (522, 51) 0
0 (492, 57) 1
0 (445, 65) 0
0 (398, 65) 1
0 (326, 65) 0
0 (163, 15) 0
0 (96, -28) 1
0 (27, 145) 1
0 (123, 198) 0
0 (257, 395) 0
0 (257, 537) 1
0 (257, 598) 0
0 (240, 661) 1
0 (44, 661) 1
0 (44, 809) 1
0 (198, 809) 1
0 (165, 921) 0
0 (147, 1024) 0
0 (147, 1073) 1
0 (147, 1281) 0
0 (301, 1398) 1
0 (425, 1491) 0
0 (601, 1491) 1
0 (782, 1491) 0
0 (1017, 1292) 0
0 (1044, 1112) 1
0 (865, 1085) 1
0 (850, 1205) 0
0 (701, 1343) 0
0 (597, 1343) 1
0 (486, 1343) 0
0 (339, 1200) 0
0 (339, 1099) 1
0 (339, 988) 0
charcode: 164, points: 40, contours2
0 (213, 961) 1
0 (74, 1097) 1
0 (189, 1216) 1
0 (328, 1077) 1
0 (434, 1149) 0
0 (565, 1149) 1
0 (697, 1149) 0
0 (802, 1077) 1
0 (941, 1216) 1
0 (1057, 1097) 1
0 (918, 961) 1
0 (989, 851) 0
0 (989, 726) 1
0 (989, 600) 0
0 (918, 490) 1
0 (1057, 354) 1
0 (941, 235) 1
0 (802, 375) 1
0 (697, 302) 0
0 (565, 302) 1
0 (434, 302) 0
0 (328, 375) 1
0 (189, 235) 1
0 (74, 354) 1
0 (213, 490) 1
0 (142, 600) 0
0 (142, 726) 1
0 (142, 851) 0
1 (305, 726) 1
1 (305, 618) 0
1 (457, 466) 0
1 (564, 466) 1
1 (671, 466) 0
1 (823, 618) 0
1 (823, 726) 1
1 (823, 833) 0
1 (672, 985) 0
1 (564, 985) 1
1 (457, 985) 0
1 (305, 833) 0
charcode: 165, points: 27, contours1
0 (477, 0) 1
0 (477, 325) 1
0 (62, 325) 1
0 (62, 464) 1
0 (477, 464) 1
0 (477, 607) 1
0 (62, 607) 1
0 (62, 755) 1
0 (403, 755) 1
0 (-3, 1466) 1
0 (197, 1466) 1
0 (487, 950) 1
0 (536, 862) 0
0 (563, 796) 1
0 (586, 849) 0
0 (645, 959) 1
0 (919, 1466) 1
0 (1133, 1466) 1
0 (728, 755) 1
0 (1069, 755) 1
0 (1069, 607) 1
0 (657, 607) 1
0 (657, 464) 1
0 (1069, 464) 1
0 (1069, 325) 1
0 (657, 325) 1
0 (657, 0) 1
charcode: 166, points: 8, contours2
0 (345, 1491) 1
0 (345, 701) 1
0 (188, 701) 1
0 (188, 1491) 1
1 (345, 360) 1
1 (345, -431) 1
1 (188, -431) 1
1 (188, 360) 1
charcode: 167, points: 75, contours2
0 (143, -70) 1
0 (324, -44) 1
0 (352, -174) 0
0 (474, -279) 0
0 (579, -279) 1
0 (681, -279) 0
0 (796, -175) 0
0 (796, -105) 1
0 (796, -54) 0
0 (760, -11) 1
0 (698, 64) 0
0 (420, 234) 1
0 (272, 325) 0
0 (155, 428) 0
0 (81, 568) 0
0 (81, 644) 1
0 (81, 740) 0
0 (201, 896) 0
0 (306, 927) 1
0 (235, 995) 0
0 (177, 1110) 0
0 (177, 1175) 1
0 (177, 1303) 0
0 (377, 1491) 0
0 (542, 1491) 1
0 (729, 1491) 0
0 (939, 1313) 0
0 (960, 1144) 1
0 (773, 1125) 1
0 (752, 1247) 0
0 (647, 1343) 0
0 (558, 1343) 1
0 (466, 1343) 0
0 (353, 1244) 0
0 (353, 1184) 1
0 (353, 1132) 0
0 (389, 1088) 1
0 (445, 1020) 0
0 (695, 868) 1
0 (852, 772) 0
0 (907, 727) 1
0 (978, 667) 0
0 (1045, 539) 0
0 (1045, 464) 1
0 (1045, 351) 0
0 (972, 271) 1
0 (930, 225) 0
0 (818, 178) 1
0 (898, 117) 0
0 (977, -23) 0
0 (977, -103) 1
0 (977, -191) 0
0 (877, -348) 0
0 (689, -431) 0
0 (580, -431) 1
0 (389, -431) 0
0 (165, -240) 0
1 (728, 244) 1
1 (802, 282) 0
1 (875, 383) 0
1 (875, 431) 1
1 (875, 488) 0
1 (823, 551) 1
1 (770, 614) 0
1 (598, 720) 1
1 (461, 804) 0
1 (394, 858) 1
1 (313, 812) 0
1 (244, 720) 0
1 (244, 664) 1
1 (244, 601) 0
1 (290, 544) 1
1 (336, 487) 0
1 (497, 392) 1
1 (631, 313) 0
charcode: 168, points: 8, contours2
0 (61, 1270) 1
0 (61, 1475) 1
0 (249, 1475) 1
0 (249, 1270) 1
1 (434, 1270) 1
1 (434, 1475) 1
1 (622, 1475) 1
1 (622, 1270) 1
charcode: 169, points: 59, contours3
0 (758, 1491) 1
0 (948, 1491) 0
0 (1310, 1296) 0
0 (1512, 933) 0
0 (1512, 736) 1
0 (1512, 541) 0
0 (1313, 181) 0
0 (954, -18) 0
0 (758, -18) 1
0 (562, -18) 0
0 (203, 181) 0
0 (3, 541) 0
0 (3, 736) 1
0 (3, 933) 0
0 (206, 1296) 0
0 (568, 1491) 0
1 (758, 1366) 1
1 (599, 1366) 0
1 (298, 1203) 0
1 (128, 900) 0
1 (128, 736) 1
1 (128, 573) 0
1 (295, 274) 0
1 (595, 107) 0
1 (758, 107) 1
1 (921, 107) 0
1 (1221, 274) 0
1 (1387, 573) 0
1 (1387, 736) 1
1 (1387, 900) 0
1 (1218, 1203) 0
1 (916, 1366) 0
2 (1000, 614) 1
2 (1123, 578) 1
2 (1093, 453) 0
2 (898, 304) 0
2 (759, 304) 1
2 (583, 304) 0
2 (363, 532) 0
2 (363, 734) 1
2 (363, 866) 0
2 (463, 1061) 0
2 (648, 1160) 0
2 (767, 1160) 1
2 (900, 1160) 0
2 (1076, 1033) 0
2 (1108, 924) 1
2 (989, 895) 1
2 (959, 969) 0
2 (842, 1048) 0
2 (763, 1048) 1
2 (648, 1048) 0
2 (499, 884) 0
2 (499, 731) 1
2 (499, 578) 0
2 (640, 421) 0
2 (752, 421) 1
2 (842, 421) 0
2 (978, 525) 0
charcode: 170, points: 50, contours2
0 (548, 853) 1
0 (426, 746) 0
0 (292, 746) 1
0 (179, 746) 0
0 (47, 869) 0
0 (47, 965) 1
0 (47, 1013) 0
0 (79, 1085) 0
0 (142, 1141) 0
0 (192, 1158) 1
0 (227, 1169) 0
0 (291, 1179) 1
0 (438, 1201) 1
0 (510, 1215) 0
0 (534, 1221) 1
0 (533, 1291) 0
0 (507, 1339) 0
0 (436, 1374) 0
0 (377, 1374) 1
0 (298, 1374) 0
0 (220, 1309) 0
0 (211, 1249) 1
0 (74, 1283) 1
0 (86, 1372) 0
0 (238, 1491) 0
0 (379, 1491) 1
0 (543, 1491) 0
0 (611, 1430) 1
0 (678, 1368) 0
0 (678, 1249) 1
0 (678, 1009) 1
0 (677, 948) 1
0 (677, 814) 0
0 (718, 764) 1
0 (570, 764) 1
0 (550, 804) 0
1 (533, 1104) 1
1 (480, 1090) 0
1 (341, 1068) 1
1 (251, 1054) 0
1 (224, 1029) 1
1 (196, 1003) 0
1 (196, 965) 1
1 (196, 924) 0
1 (264, 866) 0
1 (326, 866) 1
1 (399, 866) 0
1 (507, 944) 0
1 (525, 1001) 1
1 (532, 1021) 0
charcode: 171, points: 12, contours2
0 (340, 528) 1
0 (599, 72) 1
0 (453, 72) 1
0 (134, 528) 1
0 (453, 984) 1
0 (601, 984) 1
1 (727, 528) 1
1 (991, 72) 1
1 (839, 72) 1
1 (526, 528) 1
1 (839, 984) 1
1 (991, 984) 1
charcode: 172, points: 6, contours1
0 (1082, 424) 1
0 (912, 424) 1
0 (912, 862) 1
0 (114, 862) 1
0 (114, 1030) 1
0 (1082, 1030) 1
charcode: 173, points: 4, contours1
0 (65, 440) 1
0 (65, 621) 1
0 (618, 621) 1
0 (618, 440) 1
charcode: 174, points: 65, contours4
0 (758, 1491) 1
0 (948, 1491) 0
0 (1310, 1296) 0
0 (1512, 933) 0
0 (1512, 736) 1
0 (1512, 541) 0
0 (1313, 181) 0
0 (954, -18) 0
0 (758, -18) 1
0 (562, -18) 0
0 (203, 181) 0
0 (3, 541) 0
0 (3, 736) 1
0 (3, 933) 0
0 (206, 1296) 0
0 (568, 1491) 0
1 (758, 1366) 1
1 (599, 1366) 0
1 (298, 1203) 0
1 (128, 900) 0
1 (128, 736) 1
1 (128, 573) 0
1 (295, 274) 0
1 (595, 107) 0
1 (758, 107) 1
1 (921, 107) 0
1 (1221, 274) 0
1 (1387, 573) 0
1 (1387, 736) 1
1 (1387, 900) 0
1 (1218, 1203) 0
1 (916, 1366) 0
2 (427, 319) 1
2 (427, 1131) 1
2 (706, 1131) 1
2 (849, 1131) 0
2 (977, 1086) 0
2 (1053, 974) 0
2 (1053, 911) 1
2 (1053, 822) 0
2 (926, 690) 0
2 (821, 682) 1
2 (864, 664) 0
2 (890, 639) 1
2 (939, 591) 0
2 (1010, 478) 1
2 (1109, 319) 1
2 (949, 319) 1
2 (877, 447) 1
2 (792, 598) 0
2 (740, 636) 1
2 (704, 664) 0
2 (635, 664) 1
2 (558, 664) 1
2 (558, 319) 1
3 (558, 776) 1
3 (717, 776) 1
3 (831, 776) 0
3 (914, 844) 0
3 (914, 900) 1
3 (914, 936) 0
3 (874, 993) 0
3 (803, 1021) 0
3 (707, 1021) 1
3 (558, 1021) 1
charcode: 175, points: 4, contours1
0 (-31, 1566) 1
0 (-31, 1695) 1
0 (1162, 1695) 1
0 (1162, 1566) 1
charcode: 176, points: 24, contours2
0 (128, 1214) 1
0 (128, 1329) 0
0 (291, 1491) 0
0 (405, 1491) 1
0 (521, 1491) 0
0 (683, 1329) 0
0 (683, 1214) 1
0 (683, 1099) 0
0 (520, 936) 0
0 (405, 936) 1
0 (291, 936) 0
0 (128, 1098) 0
1 (237, 1214) 1
1 (237, 1144) 0
1 (336, 1045) 0
1 (406, 1045) 1
1 (475, 1045) 0
1 (574, 1144) 0
1 (574, 1214) 1
1 (574, 1284) 0
1 (475, 1383) 0
1 (406, 1383) 1
1 (336, 1383) 0
1 (237, 1284) 0
charcode: 177, points: 16, contours2
0 (477, 260) 1
0 (477, 663) 1
0 (78, 663) 1
0 (78, 830) 1
0 (477, 830) 1
0 (477, 1229) 1
0 (647, 1229) 1
0 (647, 830) 1
0 (1046, 830) 1
0 (1046, 663) 1
0 (647, 663) 1
0 (647, 260) 1
1 (1046, 0) 1
1 (78, 0) 1
1 (78, 168) 1
1 (1046, 168) 1
charcode: 178, points: 29, contours1
0 (25, 733) 1
0 (31, 790) 0
0 (72, 847) 1
0 (135, 933) 0
0 (423, 1142) 0
0 (450, 1172) 1
0 (487, 1213) 0
0 (487, 1256) 1
0 (487, 1304) 0
0 (417, 1366) 0
0 (349, 1366) 1
0 (283, 1366) 0
0 (218, 1319) 0
0 (197, 1252) 1
0 (46, 1268) 1
0 (75, 1379) 0
0 (218, 1484) 0
0 (352, 1484) 1
0 (503, 1484) 0
0 (644, 1366) 0
0 (644, 1281) 1
0 (644, 1197) 0
0 (585, 1122) 1
0 (540, 1066) 0
0 (380, 951) 1
0 (297, 890) 0
0 (262, 854) 1
0 (648, 854) 1
0 (648, 733) 1
charcode: 179, points: 44, contours1
0 (33, 929) 1
0 (179, 944) 1
0 (199, 884) 0
0 (231, 862) 1
0 (274, 832) 0
0 (333, 832) 1
0 (404, 832) 0
0 (490, 910) 0
0 (490, 965) 1
0 (490, 1015) 0
0 (418, 1075) 0
0 (331, 1075) 1
0 (319, 1075) 0
0 (298, 1073) 1
0 (284, 1072) 0
0 (276, 1072) 1
0 (298, 1182) 1
0 (379, 1181) 0
0 (454, 1241) 0
0 (454, 1284) 1
0 (454, 1321) 0
0 (394, 1373) 0
0 (335, 1373) 1
0 (279, 1373) 0
0 (216, 1329) 0
0 (193, 1271) 1
0 (50, 1294) 1
0 (91, 1400) 0
0 (216, 1484) 0
0 (336, 1484) 1
0 (480, 1484) 0
0 (611, 1377) 0
0 (611, 1297) 1
0 (611, 1242) 0
0 (540, 1156) 0
0 (473, 1137) 1
0 (562, 1115) 0
0 (646, 1014) 0
0 (646, 946) 1
0 (646, 853) 0
0 (488, 715) 0
0 (342, 715) 1
0 (202, 715) 0
0 (54, 826) 0
charcode: 180, points: 4, contours1
0 (222, 1194) 1
0 (355, 1474) 1
0 (591, 1474) 1
0 (371, 1194) 1
charcode: 181, points: 26, contours1
0 (1018, 1062) 1
0 (1018, 0) 1
0 (857, 0) 1
0 (857, 126) 1
0 (805, 46) 0
0 (754, 16) 1
0 (684, -25) 0
0 (591, -25) 1
0 (508, -25) 0
0 (444, 8) 1
0 (396, 33) 0
0 (338, 107) 1
0 (338, -407) 1
0 (160, -407) 1
0 (160, 1062) 1
0 (338, 1062) 1
0 (338, 612) 1
0 (338, 367) 0
0 (390, 222) 0
0 (507, 138) 0
0 (583, 138) 1
0 (663, 138) 0
0 (789, 226) 0
0 (841, 365) 0
0 (841, 609) 1
0 (841, 1062) 1
charcode: 182, points: 16, contours1
0 (405, -407) 1
0 (405, 638) 1
0 (218, 648) 0
0 (1, 871) 0
0 (1, 1044) 1
0 (1, 1237) 0
0 (242, 1466) 0
0 (474, 1466) 1
0 (1107, 1466) 1
0 (1107, 1293) 1
0 (963, 1293) 1
0 (963, -407) 1
0 (793, -407) 1
0 (793, 1293) 1
0 (570, 1293) 1
0 (570, -407) 1
charcode: 183, points: 4, contours1
0 (185, 619) 1
0 (185, 824) 1
0 (390, 824) 1
0 (390, 619) 1
charcode: 184, points: 22, contours1
0 (216, -154) 1
0 (268, 23) 1
0 (402, 23) 1
0 (369, -84) 1
0 (454, -94) 0
0 (540, -179) 0
0 (540, -231) 1
0 (540, -306) 0
0 (396, -421) 0
0 (251, -421) 1
0 (169, -421) 0
0 (107, -409) 1
0 (118, -292) 1
0 (182, -296) 0
0 (212, -296) 1
0 (306, -296) 0
0 (344, -270) 1
0 (373, -250) 0
0 (373, -221) 1
0 (373, -203) 0
0 (350, -175) 0
0 (288, -155) 0
charcode: 185, points: 10, contours1
0 (331, 733) 1
0 (331, 1287) 1
0 (229, 1206) 0
0 (107, 1174) 1
0 (107, 1297) 1
0 (169, 1317) 0
0 (321, 1423) 0
0 (368, 1484) 1
0 (476, 1484) 1
0 (476, 733) 1
charcode: 186, points: 24, contours2
0 (373, 1491) 1
0 (518, 1491) 0
0 (701, 1291) 0
0 (701, 1115) 1
0 (701, 940) 0
0 (517, 740) 0
0 (374, 740) 1
0 (229, 740) 0
0 (45, 936) 0
0 (45, 1111) 1
0 (45, 1291) 0
0 (228, 1491) 0
1 (373, 1358) 1
1 (292, 1358) 0
1 (193, 1244) 0
1 (193, 1115) 1
1 (193, 989) 0
1 (294, 872) 0
1 (373, 872) 1
1 (453, 872) 0
1 (553, 989) 0
1 (553, 1120) 1
1 (553, 1242) 0
1 (452, 1358) 0
charcode: 187, points: 12, contours2
0 (791, 528) 1
0 (530, 984) 1
0 (678, 984) 1
0 (997, 528) 1
0 (678, 72) 1
0 (531, 72) 1
1 (404, 528) 1
1 (140, 984) 1
1 (291, 984) 1
1 (605, 528) 1
1 (291, 72) 1
1 (140, 72) 1
charcode: 188, points: 28, contours4
0 (252, -57) 1
0 (1354, 1491) 1
0 (1510, 1491) 1
0 (409, -57) 1
1 (331, 733) 1
1 (331, 1287) 1
1 (229, 1206) 0
1 (107, 1174) 1
1 (107, 1297) 1
1 (169, 1317) 0
1 (321, 1423) 0
1 (368, 1484) 1
1 (476, 1484) 1
1 (476, 733) 1
2 (1430, -31) 1
2 (1430, 123) 1
2 (1047, 123) 1
2 (1047, 246) 1
2 (1452, 720) 1
2 (1574, 720) 1
2 (1574, 231) 1
2 (1678, 231) 1
2 (1678, 123) 1
2 (1574, 123) 1
2 (1574, -31) 1
3 (1430, 231) 1
3 (1430, 494) 1
3 (1200, 231) 1
charcode: 189, points: 43, contours3
0 (228, -57) 1
0 (1329, 1491) 1
0 (1486, 1491) 1
0 (385, -57) 1
1 (331, 733) 1
1 (331, 1287) 1
1 (229, 1206) 0
1 (107, 1174) 1
1 (107, 1297) 1
1 (169, 1317) 0
1 (321, 1423) 0
1 (368, 1484) 1
1 (476, 1484) 1
1 (476, 733) 1
2 (1049, -31) 1
2 (1055, 25) 0
2 (1097, 82) 1
2 (1159, 169) 0
2 (1447, 377) 0
2 (1474, 408) 1
2 (1511, 449) 0
2 (1511, 492) 1
2 (1511, 540) 0
2 (1442, 601) 0
2 (1373, 601) 1
2 (1307, 601) 0
2 (1242, 554) 0
2 (1221, 488) 1
2 (1070, 503) 1
2 (1099, 615) 0
2 (1243, 720) 0
2 (1376, 720) 1
2 (1527, 720) 0
2 (1668, 602) 0
2 (1668, 517) 1
2 (1668, 433) 0
2 (1609, 358) 1
2 (1564, 302) 0
2 (1405, 186) 1
2 (1321, 125) 0
2 (1286, 90) 1
2 (1672, 90) 1
2 (1672, -31) 1
charcode: 190, points: 60, contours4
0 (252, -57) 1
0 (1353, 1491) 1
0 (1510, 1491) 1
0 (409, -57) 1
1 (33, 929) 1
1 (179, 944) 1
1 (199, 884) 0
1 (231, 862) 1
1 (274, 832) 0
1 (333, 832) 1
1 (404, 832) 0
1 (490, 910) 0
1 (490, 965) 1
1 (490, 1015) 0
1 (418, 1075) 0
1 (334, 1075) 1
1 (284, 1072) 0
1 (276, 1072) 1
1 (298, 1182) 1
1 (379, 1181) 0
1 (454, 1241) 0
1 (454, 1284) 1
1 (454, 1321) 0
1 (394, 1373) 0
1 (335, 1373) 1
1 (279, 1373) 0
1 (216, 1329) 0
1 (193, 1271) 1
1 (50, 1294) 1
1 (91, 1400) 0
1 (216, 1484) 0
1 (336, 1484) 1
1 (480, 1484) 0
1 (611, 1377) 0
1 (611, 1297) 1
1 (611, 1242) 0
1 (540, 1156) 0
1 (473, 1137) 1
1 (562, 1115) 0
1 (646, 1014) 0
1 (646, 946) 1
1 (646, 853) 0
1 (488, 715) 0
1 (342, 715) 1
1 (202, 715) 0
1 (54, 826) 0
2 (1429, -31) 1
2 (1429, 123) 1
2 (1047, 123) 1
2 (1047, 246) 1
2 (1451, 720) 1
2 (1574, 720) 1
2 (1574, 231) 1
2 (1678, 231) 1
2 (1678, 123) 1
2 (1574, 123) 1
2 (1574, -31) 1
3 (1429, 231) 1
3 (1429, 494) 1
3 (1200, 231) 1
charcode: 191, points: 35, contours2
0 (733, 1062) 1
0 (733, 857) 1
0 (528, 857) 1
0 (528, 1062) 1
1 (721, 701) 1
1 (722, 667) 0
1 (722, 650) 1
1 (722, 540) 0
1 (692, 463) 1
1 (670, 405) 0
1 (621, 346) 1
1 (585, 303) 0
1 (398, 139) 0
1 (343, 41) 0
1 (343, -17) 1
1 (343, -123) 0
1 (507, -281) 0
1 (626, -281) 1
1 (740, -281) 0
1 (895, -137) 0
1 (919, 15) 1
1 (1103, -6) 1
1 (1078, -209) 0
1 (831, -429) 0
1 (629, -429) 1
1 (413, -429) 0
1 (158, -195) 0
1 (158, -29) 1
1 (158, 68) 0
1 (247, 228) 0
1 (378, 344) 1
1 (467, 423) 0
1 (521, 497) 0
1 (546, 593) 0
1 (548, 701) 1
charcode: 192, points: 19, contours3
0 (-3, 0) 1
0 (560, 1466) 1
0 (769, 1466) 1
0 (1369, 0) 1
0 (1148, 0) 1
0 (977, 444) 1
0 (364, 444) 1
0 (203, 0) 1
1 (420, 602) 1
1 (917, 602) 1
1 (764, 1008) 1
1 (694, 1193) 0
1 (660, 1312) 1
1 (632, 1171) 0
1 (581, 1032) 1
2 (824, 1556) 1
2 (679, 1556) 1
2 (448, 1836) 1
2 (689, 1836) 1
charcode: 193, points: 19, contours3
0 (-3, 0) 1
0 (560, 1466) 1
0 (769, 1466) 1
0 (1369, 0) 1
0 (1148, 0) 1
0 (977, 444) 1
0 (364, 444) 1
0 (203, 0) 1
1 (420, 602) 1
1 (917, 602) 1
1 (764, 1008) 1
1 (694, 1193) 0
1 (660, 1312) 1
1 (632, 1171) 0
1 (581, 1032) 1
2 (541, 1556) 1
2 (674, 1836) 1
2 (910, 1836) 1
2 (690, 1556) 1
charcode: 194, points: 22, contours3
0 (-3, 0) 1
0 (560, 1466) 1
0 (769, 1466) 1
0 (1369, 0) 1
0 (1148, 0) 1
0 (977, 444) 1
0 (364, 444) 1
0 (203, 0) 1
1 (420, 602) 1
1 (917, 602) 1
1 (764, 1008) 1
1 (694, 1193) 0
1 (660, 1312) 1
1 (632, 1171) 0
1 (581, 1032) 1
2 (664, 1726) 1
2 (551, 1556) 1
2 (345, 1556) 1
2 (561, 1836) 1
2 (753, 1836) 1
2 (978, 1556) 1
2 (774, 1556) 1
charcode: 195, points: 39, contours3
0 (-3, 0) 1
0 (560, 1466) 1
0 (769, 1466) 1
0 (1369, 0) 1
0 (1148, 0) 1
0 (977, 444) 1
0 (364, 444) 1
0 (203, 0) 1
1 (420, 602) 1
1 (917, 602) 1
1 (764, 1008) 1
1 (694, 1193) 0
1 (660, 1312) 1
1 (632, 1171) 0
1 (581, 1032) 1
2 (349, 1556) 1
2 (348, 1660) 0
2 (406, 1722) 1
2 (463, 1784) 0
2 (552, 1784) 1
2 (614, 1784) 0
2 (721, 1730) 1
2 (780, 1700) 0
2 (815, 1700) 1
2 (847, 1700) 0
2 (881, 1735) 0
2 (888, 1787) 1
2 (1018, 1787) 1
2 (1015, 1673) 0
2 (906, 1559) 0
2 (822, 1559) 1
2 (759, 1559) 0
2 (656, 1615) 1
2 (589, 1651) 0
2 (558, 1651) 1
2 (524, 1651) 0
2 (503, 1627) 1
2 (481, 1603) 0
2 (482, 1556) 1
charcode: 196, points: 23, contours4
0 (-3, 0) 1
0 (560, 1466) 1
0 (769, 1466) 1
0 (1369, 0) 1
0 (1148, 0) 1
0 (977, 444) 1
0 (364, 444) 1
0 (203, 0) 1
1 (420, 602) 1
1 (917, 602) 1
1 (764, 1008) 1
1 (694, 1193) 0
1 (660, 1312) 1
1 (632, 1171) 0
1 (581, 1032) 1
2 (379, 1556) 1
2 (379, 1761) 1
2 (567, 1761) 1
2 (567, 1556) 1
3 (752, 1556) 1
3 (752, 1761) 1
3 (940, 1761) 1
3 (940, 1556) 1
charcode: 197, points: 39, contours4
0 (-3, 0) 1
0 (560, 1466) 1
0 (769, 1466) 1
0 (1369, 0) 1
0 (1148, 0) 1
0 (977, 444) 1
0 (364, 444) 1
0 (203, 0) 1
1 (420, 602) 1
1 (917, 602) 1
1 (764, 1008) 1
1 (694, 1193) 0
1 (660, 1312) 1
1 (632, 1171) 0
1 (581, 1032) 1
2 (481, 1601) 1
2 (481, 1674) 0
2 (588, 1780) 0
2 (661, 1780) 1
2 (735, 1780) 0
2 (841, 1673) 0
2 (841, 1597) 1
2 (841, 1520) 0
2 (735, 1414) 0
2 (662, 1414) 1
2 (587, 1414) 0
2 (481, 1521) 0
3 (557, 1600) 1
3 (557, 1553) 0
3 (620, 1489) 0
3 (663, 1489) 1
3 (706, 1489) 0
3 (769, 1553) 0
3 (769, 1598) 1
3 (769, 1643) 0
3 (707, 1707) 0
3 (663, 1707) 1
3 (620, 1707) 0
3 (557, 1644) 0
charcode: 198, points: 20, contours2
0 (1, 0) 1
0 (706, 1466) 1
0 (1909, 1466) 1
0 (1909, 1293) 1
0 (1172, 1293) 1
0 (1172, 842) 1
0 (1857, 842) 1
0 (1857, 670) 1
0 (1172, 670) 1
0 (1172, 173) 1
0 (1936, 173) 1
0 (1936, 0) 1
0 (977, 0) 1
0 (977, 423) 1
0 (411, 423) 1
0 (211, 0) 1
1 (493, 595) 1
1 (977, 595) 1
1 (977, 1293) 1
1 (832, 1293) 1
charcode: 199, points: 52, contours2
0 (1204, 514) 1
0 (1398, 465) 1
0 (1337, 226) 0
0 (1020, -25) 0
0 (791, -25) 1
0 (554, -25) 0
0 (257, 168) 0
0 (102, 534) 0
0 (102, 744) 1
0 (102, 973) 0
0 (277, 1314) 0
0 (600, 1491) 0
0 (794, 1491) 1
0 (1014, 1491) 0
0 (1314, 1267) 0
0 (1373, 1064) 1
0 (1182, 1019) 1
0 (1131, 1179) 0
0 (937, 1325) 0
0 (790, 1325) 1
0 (621, 1325) 0
0 (394, 1163) 0
0 (302, 890) 0
0 (302, 745) 1
0 (302, 558) 0
0 (411, 279) 0
0 (641, 141) 0
0 (775, 141) 1
0 (938, 141) 0
0 (1164, 329) 0
1 (620, -154) 1
1 (672, 23) 1
1 (806, 23) 1
1 (773, -84) 1
1 (858, -94) 0
1 (944, -179) 0
1 (944, -231) 1
1 (944, -306) 0
1 (800, -421) 0
1 (655, -421) 1
1 (573, -421) 0
1 (511, -409) 1
1 (522, -292) 1
1 (586, -296) 0
1 (616, -296) 1
1 (710, -296) 0
1 (748, -270) 1
1 (777, -250) 0
1 (777, -221) 1
1 (777, -203) 0
1 (754, -175) 0
1 (692, -155) 0
charcode: 200, points: 16, contours2
0 (162, 0) 1
0 (162, 1466) 1
0 (1222, 1466) 1
0 (1222, 1293) 1
0 (356, 1293) 1
0 (356, 844) 1
0 (1167, 844) 1
0 (1167, 672) 1
0 (356, 672) 1
0 (356, 173) 1
0 (1256, 173) 1
0 (1256, 0) 1
1 (850, 1556) 1
1 (705, 1556) 1
1 (474, 1836) 1
1 (715, 1836) 1
charcode: 201, points: 16, contours2
0 (162, 0) 1
0 (162, 1466) 1
0 (1222, 1466) 1
0 (1222, 1293) 1
0 (356, 1293) 1
0 (356, 844) 1
0 (1167, 844) 1
0 (1167, 672) 1
0 (356, 672) 1
0 (356, 173) 1
0 (1256, 173) 1
0 (1256, 0) 1
1 (562, 1556) 1
1 (695, 1836) 1
1 (931, 1836) 1
1 (711, 1556) 1
charcode: 202, points: 19, contours2
0 (162, 0) 1
0 (162, 1466) 1
0 (1222, 1466) 1
0 (1222, 1293) 1
0 (356, 1293) 1
0 (356, 844) 1
0 (1167, 844) 1
0 (1167, 672) 1
0 (356, 672) 1
0 (356, 173) 1
0 (1256, 173) 1
0 (1256, 0) 1
1 (707, 1726) 1
1 (594, 1556) 1
1 (388, 1556) 1
1 (604, 1836) 1
1 (796, 1836) 1
1 (1021, 1556) 1
1 (817, 1556) 1
charcode: 203, points: 20, contours3
0 (162, 0) 1
0 (162, 1466) 1
0 (1222, 1466) 1
0 (1222, 1293) 1
0 (356, 1293) 1
0 (356, 844) 1
0 (1167, 844) 1
0 (1167, 672) 1
0 (356, 672) 1
0 (356, 173) 1
0 (1256, 173) 1
0 (1256, 0) 1
1 (425, 1556) 1
1 (425, 1761) 1
1 (613, 1761) 1
1 (613, 1556) 1
2 (798, 1556) 1
2 (798, 1761) 1
2 (986, 1761) 1
2 (986, 1556) 1
charcode: 204, points: 8, contours2
0 (191, 0) 1
0 (191, 1466) 1
0 (385, 1466) 1
0 (385, 0) 1
1 (430, 1556) 1
1 (285, 1556) 1
1 (54, 1836) 1
1 (295, 1836) 1
charcode: 205, points: 8, contours2
0 (191, 0) 1
0 (191, 1466) 1
0 (385, 1466) 1
0 (385, 0) 1
1 (141, 1556) 1
1 (274, 1836) 1
1 (510, 1836) 1
1 (290, 1556) 1
charcode: 206, points: 11, contours2
0 (191, 0) 1
0 (191, 1466) 1
0 (385, 1466) 1
0 (385, 0) 1
1 (287, 1726) 1
1 (174, 1556) 1
1 (-32, 1556) 1
1 (184, 1836) 1
1 (376, 1836) 1
1 (601, 1556) 1
1 (397, 1556) 1
charcode: 207, points: 12, contours3
0 (191, 0) 1
0 (191, 1466) 1
0 (385, 1466) 1
0 (385, 0) 1
1 (4, 1556) 1
1 (4, 1761) 1
1 (192, 1761) 1
1 (192, 1556) 1
2 (377, 1556) 1
2 (377, 1761) 1
2 (565, 1761) 1
2 (565, 1556) 1
charcode: 208, points: 38, contours2
0 (158, 0) 1
0 (158, 667) 1
0 (-3, 667) 1
0 (-3, 799) 1
0 (158, 799) 1
0 (158, 1466) 1
0 (664, 1466) 1
0 (834, 1466) 0
0 (924, 1445) 1
0 (1050, 1416) 0
0 (1139, 1340) 1
0 (1255, 1242) 0
0 (1370, 937) 0
0 (1370, 741) 1
0 (1370, 517) 0
0 (1228, 194) 0
0 (1030, 48) 0
0 (901, 17) 1
0 (830, 0) 0
0 (687, 0) 1
1 (352, 173) 1
1 (665, 173) 1
1 (811, 173) 0
1 (975, 227) 0
1 (1023, 275) 1
1 (1092, 344) 0
1 (1170, 576) 0
1 (1170, 743) 1
1 (1170, 915) 0
1 (1093, 1121) 0
1 (969, 1245) 0
1 (817, 1293) 0
1 (660, 1293) 1
1 (352, 1293) 1
1 (352, 799) 1
1 (756, 799) 1
1 (756, 667) 1
1 (352, 667) 1
charcode: 209, points: 34, contours2
0 (156, 0) 1
0 (156, 1466) 1
0 (355, 1466) 1
0 (1125, 315) 1
0 (1125, 1466) 1
0 (1311, 1466) 1
0 (1311, 0) 1
0 (1112, 0) 1
0 (342, 1152) 1
0 (342, 0) 1
1 (430, 1556) 1
1 (429, 1660) 0
1 (487, 1722) 1
1 (544, 1784) 0
1 (633, 1784) 1
1 (695, 1784) 0
1 (802, 1730) 1
1 (861, 1700) 0
1 (896, 1700) 1
1 (928, 1700) 0
1 (962, 1735) 0
1 (969, 1787) 1
1 (1099, 1787) 1
1 (1096, 1673) 0
1 (987, 1559) 0
1 (903, 1559) 1
1 (840, 1559) 0
1 (737, 1615) 1
1 (670, 1651) 0
1 (639, 1651) 1
1 (605, 1651) 0
1 (584, 1627) 1
1 (562, 1603) 0
1 (563, 1556) 1
charcode: 210, points: 32, contours3
0 (99, 714) 1
0 (99, 1079) 0
0 (491, 1492) 0
0 (801, 1492) 1
0 (1004, 1492) 0
0 (1330, 1298) 0
0 (1501, 951) 0
0 (1501, 731) 1
0 (1501, 508) 0
0 (1321, 156) 0
0 (991, -25) 0
0 (800, -25) 1
0 (593, -25) 0
0 (267, 175) 0
0 (99, 521) 0
1 (299, 711) 1
1 (299, 446) 0
1 (584, 141) 0
1 (799, 141) 1
1 (1018, 141) 0
1 (1301, 449) 0
1 (1301, 732) 1
1 (1301, 911) 0
1 (1180, 1178) 0
1 (947, 1325) 0
1 (802, 1325) 1
1 (596, 1325) 0
1 (299, 1042) 0
2 (916, 1556) 1
2 (771, 1556) 1
2 (540, 1836) 1
2 (781, 1836) 1
charcode: 211, points: 32, contours3
0 (99, 714) 1
0 (99, 1079) 0
0 (491, 1492) 0
0 (801, 1492) 1
0 (1004, 1492) 0
0 (1330, 1298) 0
0 (1501, 951) 0
0 (1501, 731) 1
0 (1501, 508) 0
0 (1321, 156) 0
0 (991, -25) 0
0 (800, -25) 1
0 (593, -25) 0
0 (267, 175) 0
0 (99, 521) 0
1 (299, 711) 1
1 (299, 446) 0
1 (584, 141) 0
1 (799, 141) 1
1 (1018, 141) 0
1 (1301, 449) 0
1 (1301, 732) 1
1 (1301, 911) 0
1 (1180, 1178) 0
1 (947, 1325) 0
1 (802, 1325) 1
1 (596, 1325) 0
1 (299, 1042) 0
2 (677, 1556) 1
2 (810, 1836) 1
2 (1046, 1836) 1
2 (826, 1556) 1
charcode: 212, points: 35, contours3
0 (99, 714) 1
0 (99, 1079) 0
0 (491, 1492) 0
0 (801, 1492) 1
0 (1004, 1492) 0
0 (1330, 1298) 0
0 (1501, 951) 0
0 (1501, 731) 1
0 (1501, 508) 0
0 (1321, 156) 0
0 (991, -25) 0
0 (800, -25) 1
0 (593, -25) 0
0 (267, 175) 0
0 (99, 521) 0
1 (299, 711) 1
1 (299, 446) 0
1 (584, 141) 0
1 (799, 141) 1
1 (1018, 141) 0
1 (1301, 449) 0
1 (1301, 732) 1
1 (1301, 911) 0
1 (1180, 1178) 0
1 (947, 1325) 0
1 (802, 1325) 1
1 (596, 1325) 0
1 (299, 1042) 0
2 (798, 1726) 1
2 (685, 1556) 1
2 (479, 1556) 1
2 (695, 1836) 1
2 (887, 1836) 1
2 (1112, 1556) 1
2 (908, 1556) 1
charcode: 213, points: 52, contours3
0 (99, 714) 1
0 (99, 1079) 0
0 (491, 1492) 0
0 (801, 1492) 1
0 (1004, 1492) 0
0 (1330, 1298) 0
0 (1501, 951) 0
0 (1501, 731) 1
0 (1501, 508) 0
0 (1321, 156) 0
0 (991, -25) 0
0 (800, -25) 1
0 (593, -25) 0
0 (267, 175) 0
0 (99, 521) 0
1 (299, 711) 1
1 (299, 446) 0
1 (584, 141) 0
1 (799, 141) 1
1 (1018, 141) 0
1 (1301, 449) 0
1 (1301, 732) 1
1 (1301, 911) 0
1 (1180, 1178) 0
1 (947, 1325) 0
1 (802, 1325) 1
1 (596, 1325) 0
1 (299, 1042) 0
2 (466, 1556) 1
2 (465, 1660) 0
2 (523, 1722) 1
2 (580, 1784) 0
2 (669, 1784) 1
2 (731, 1784) 0
2 (838, 1730) 1
2 (897, 1700) 0
2 (932, 1700) 1
2 (964, 1700) 0
2 (998, 1735) 0
2 (1005, 1787) 1
2 (1135, 1787) 1
2 (1132, 1673) 0
2 (1023, 1559) 0
2 (939, 1559) 1
2 (876, 1559) 0
2 (773, 1615) 1
2 (706, 1651) 0
2 (675, 1651) 1
2 (641, 1651) 0
2 (620, 1627) 1
2 (598, 1603) 0
2 (599, 1556) 1
charcode: 214, points: 36, contours4
0 (99, 714) 1
0 (99, 1079) 0
0 (491, 1492) 0
0 (801, 1492) 1
0 (1004, 1492) 0
0 (1330, 1298) 0
0 (1501, 951) 0
0 (1501, 731) 1
0 (1501, 508) 0
0 (1321, 156) 0
0 (991, -25) 0
0 (800, -25) 1
0 (593, -25) 0
0 (267, 175) 0
0 (99, 521) 0
1 (299, 711) 1
1 (299, 446) 0
1 (584, 141) 0
1 (799, 141) 1
1 (1018, 141) 0
1 (1301, 449) 0
1 (1301, 732) 1
1 (1301, 911) 0
1 (1180, 1178) 0
1 (947, 1325) 0
1 (802, 1325) 1
1 (596, 1325) 0
1 (299, 1042) 0
2 (516, 1556) 1
2 (516, 1761) 1
2 (704, 1761) 1
2 (704, 1556) 1
3 (889, 1556) 1
3 (889, 1761) 1
3 (1077, 1761) 1
3 (1077, 1556) 1
charcode: 215, points: 12, contours1
0 (161, 409) 1
0 (476, 724) 1
0 (162, 1038) 1
0 (284, 1160) 1
0 (598, 846) 1
0 (911, 1159) 1
0 (1031, 1038) 1
0 (719, 725) 1
0 (1033, 411) 1
0 (911, 289) 1
0 (597, 603) 1
0 (282, 288) 1
charcode: 216, points: 49, contours3
0 (1250, 1332) 1
0 (1418, 1520) 1
0 (1517, 1436) 1
0 (1341, 1238) 1
0 (1427, 1110) 0
0 (1457, 1014) 1
0 (1497, 888) 0
0 (1497, 732) 1
0 (1497, 507) 0
0 (1315, 155) 0
0 (986, -25) 0
0 (801, -25) 1
0 (663, -25) 0
0 (551, 14) 1
0 (465, 44) 0
0 (350, 129) 1
0 (182, -59) 1
0 (83, 25) 1
0 (259, 222) 1
0 (161, 371) 0
0 (95, 582) 0
0 (95, 730) 1
0 (95, 956) 0
0 (275, 1309) 0
0 (600, 1491) 0
0 (799, 1491) 1
0 (933, 1491) 0
0 (1134, 1420) 0
1 (1130, 1197) 1
1 (1036, 1271) 0
1 (895, 1325) 0
1 (800, 1325) 1
1 (581, 1325) 0
1 (295, 1028) 0
1 (295, 733) 1
1 (295, 617) 0
1 (317, 527) 1
1 (333, 460) 0
1 (384, 362) 1
2 (1212, 1094) 1
2 (469, 262) 1
2 (546, 199) 0
2 (611, 174) 1
2 (696, 141) 0
2 (795, 141) 1
2 (1013, 141) 0
2 (1297, 449) 0
2 (1297, 727) 1
2 (1297, 935) 0
charcode: 217, points: 25, contours2
0 (1120, 1466) 1
0 (1314, 1466) 1
0 (1314, 619) 1
0 (1314, 398) 0
0 (1214, 138) 0
0 (953, -25) 0
0 (741, -25) 1
0 (535, -25) 0
0 (273, 117) 0
0 (161, 386) 0
0 (161, 619) 1
0 (161, 1466) 1
0 (355, 1466) 1
0 (355, 620) 1
0 (355, 429) 0
0 (426, 248) 0
0 (599, 150) 0
0 (724, 150) 1
0 (938, 150) 0
0 (1120, 344) 0
0 (1120, 620) 1
1 (854, 1556) 1
1 (709, 1556) 1
1 (478, 1836) 1
1 (719, 1836) 1
charcode: 218, points: 25, contours2
0 (1120, 1466) 1
0 (1314, 1466) 1
0 (1314, 619) 1
0 (1314, 398) 0
0 (1214, 138) 0
0 (953, -25) 0
0 (741, -25) 1
0 (535, -25) 0
0 (273, 117) 0
0 (161, 386) 0
0 (161, 619) 1
0 (161, 1466) 1
0 (355, 1466) 1
0 (355, 620) 1
0 (355, 429) 0
0 (426, 248) 0
0 (599, 150) 0
0 (724, 150) 1
0 (938, 150) 0
0 (1120, 344) 0
0 (1120, 620) 1
1 (614, 1556) 1
1 (747, 1836) 1
1 (983, 1836) 1
1 (763, 1556) 1
charcode: 219, points: 28, contours2
0 (1120, 1466) 1
0 (1314, 1466) 1
0 (1314, 619) 1
0 (1314, 398) 0
0 (1214, 138) 0
0 (953, -25) 0
0 (741, -25) 1
0 (535, -25) 0
0 (273, 117) 0
0 (161, 386) 0
0 (161, 619) 1
0 (161, 1466) 1
0 (355, 1466) 1
0 (355, 620) 1
0 (355, 429) 0
0 (426, 248) 0
0 (599, 150) 0
0 (724, 150) 1
0 (938, 150) 0
0 (1120, 344) 0
0 (1120, 620) 1
1 (736, 1726) 1
1 (623, 1556) 1
1 (417, 1556) 1
1 (633, 1836) 1
1 (825, 1836) 1
1 (1050, 1556) 1
1 (846, 1556) 1
charcode: 220, points: 29, contours3
0 (1120, 1466) 1
0 (1314, 1466) 1
0 (1314, 619) 1
0 (1314, 398) 0
0 (1214, 138) 0
0 (953, -25) 0
0 (741, -25) 1
0 (535, -25) 0
0 (273, 117) 0
0 (161, 386) 0
0 (161, 619) 1
0 (161, 1466) 1
0 (355, 1466) 1
0 (355, 620) 1
0 (355, 429) 0
0 (426, 248) 0
0 (599, 150) 0
0 (724, 150) 1
0 (938, 150) 0
0 (1120, 344) 0
0 (1120, 620) 1
1 (454, 1556) 1
1 (454, 1761) 1
1 (642, 1761) 1
1 (642, 1556) 1
2 (827, 1556) 1
2 (827, 1761) 1
2 (1015, 1761) 1
2 (1015, 1556) 1
charcode: 221, points: 17, contours2
0 (571, 0) 1
0 (571, 621) 1
0 (6, 1466) 1
0 (242, 1466) 1
0 (531, 1024) 1
0 (611, 900) 0
0 (680, 776) 1
0 (746, 891) 0
0 (840, 1035) 1
0 (1124, 1466) 1
0 (1350, 1466) 1
0 (765, 621) 1
0 (765, 0) 1
1 (555, 1556) 1
1 (688, 1836) 1
1 (924, 1836) 1
1 (704, 1556) 1
charcode: 222, points: 27, contours2
0 (158, 0) 1
0 (158, 1466) 1
0 (352, 1466) 1
0 (352, 1168) 1
0 (711, 1168) 1
0 (857, 1168) 0
0 (935, 1154) 1
0 (1043, 1135) 0
0 (1189, 1034) 0
0 (1277, 852) 0
0 (1277, 743) 1
0 (1277, 557) 0
0 (1039, 298) 0
0 (728, 298) 1
0 (352, 298) 1
0 (352, 0) 1
1 (352, 471) 1
1 (731, 471) 1
1 (919, 471) 0
1 (1077, 611) 0
1 (1077, 737) 1
1 (1077, 828) 0
1 (985, 960) 0
1 (909, 981) 1
1 (860, 995) 0
1 (727, 995) 1
1 (352, 995) 1
charcode: 223, points: 55, contours1
0 (153, 0) 1
0 (153, 999) 1
0 (153, 1182) 0
0 (242, 1379) 0
0 (450, 1491) 0
0 (580, 1491) 1
0 (753, 1491) 0
0 (951, 1318) 0
0 (951, 1204) 1
0 (951, 1153) 0
0 (915, 1045) 0
0 (823, 884) 0
0 (799, 821) 0
0 (799, 797) 1
0 (799, 765) 0
0 (821, 734) 1
0 (842, 702) 0
0 (942, 637) 1
0 (1078, 548) 0
0 (1123, 494) 1
0 (1187, 417) 0
0 (1187, 312) 1
0 (1187, 173) 0
0 (982, -25) 0
0 (822, -25) 1
0 (696, -25) 0
0 (506, 110) 0
0 (459, 216) 1
0 (614, 288) 1
0 (664, 195) 0
0 (764, 123) 0
0 (819, 123) 1
0 (895, 123) 0
0 (1003, 227) 0
0 (1003, 297) 1
0 (1003, 353) 0
0 (971, 393) 1
0 (950, 419) 0
0 (859, 481) 1
0 (693, 595) 0
0 (654, 652) 1
0 (614, 709) 0
0 (614, 769) 1
0 (614, 808) 0
0 (641, 888) 0
0 (744, 1064) 0
0 (776, 1152) 0
0 (776, 1186) 1
0 (776, 1248) 0
0 (667, 1343) 0
0 (576, 1343) 1
0 (469, 1343) 0
0 (333, 1211) 0
0 (333, 991) 1
0 (333, 0) 1
charcode: 224, points: 60, contours3
0 (828, 131) 1
0 (728, 46) 0
0 (543, -24) 0
0 (437, -24) 1
0 (262, -24) 0
0 (74, 147) 0
0 (74, 280) 1
0 (74, 358) 0
0 (145, 487) 0
0 (260, 565) 0
0 (332, 585) 1
0 (385, 599) 0
0 (492, 612) 1
0 (710, 638) 0
0 (813, 674) 1
0 (814, 711) 0
0 (814, 721) 1
0 (814, 831) 0
0 (763, 876) 1
0 (694, 937) 0
0 (558, 937) 1
0 (431, 937) 0
0 (310, 848) 0
0 (281, 735) 1
0 (105, 759) 1
0 (129, 872) 0
0 (239, 1011) 0
0 (447, 1086) 0
0 (584, 1086) 1
0 (720, 1086) 0
0 (890, 1022) 0
0 (970, 925) 0
0 (986, 851) 1
0 (995, 805) 0
0 (995, 685) 1
0 (995, 445) 1
0 (995, 194) 0
0 (1018, 61) 0
0 (1052, 0) 1
0 (864, 0) 1
0 (836, 56) 0
1 (813, 533) 1
1 (715, 493) 0
1 (519, 465) 1
1 (408, 449) 0
1 (316, 409) 0
1 (266, 332) 0
1 (266, 285) 1
1 (266, 213) 0
1 (375, 117) 0
1 (480, 117) 1
1 (584, 117) 0
1 (746, 208) 0
1 (784, 287) 1
1 (813, 348) 0
1 (813, 467) 1
2 (715, 1194) 1
2 (570, 1194) 1
2 (339, 1474) 1
2 (580, 1474) 1
charcode: 225, points: 60, contours3
0 (828, 131) 1
0 (728, 46) 0
0 (543, -24) 0
0 (437, -24) 1
0 (262, -24) 0
0 (74, 147) 0
0 (74, 280) 1
0 (74, 358) 0
0 (145, 487) 0
0 (260, 565) 0
0 (332, 585) 1
0 (385, 599) 0
0 (492, 612) 1
0 (710, 638) 0
0 (813, 674) 1
0 (814, 711) 0
0 (814, 721) 1
0 (814, 831) 0
0 (763, 876) 1
0 (694, 937) 0
0 (558, 937) 1
0 (431, 937) 0
0 (310, 848) 0
0 (281, 735) 1
0 (105, 759) 1
0 (129, 872) 0
0 (239, 1011) 0
0 (447, 1086) 0
0 (584, 1086) 1
0 (720, 1086) 0
0 (890, 1022) 0
0 (970, 925) 0
0 (986, 851) 1
0 (995, 805) 0
0 (995, 685) 1
0 (995, 445) 1
0 (995, 194) 0
0 (1018, 61) 0
0 (1052, 0) 1
0 (864, 0) 1
0 (836, 56) 0
1 (813, 533) 1
1 (715, 493) 0
1 (519, 465) 1
1 (408, 449) 0
1 (316, 409) 0
1 (266, 332) 0
1 (266, 285) 1
1 (266, 213) 0
1 (375, 117) 0
1 (480, 117) 1
1 (584, 117) 0
1 (746, 208) 0
1 (784, 287) 1
1 (813, 348) 0
1 (813, 467) 1
2 (463, 1194) 1
2 (596, 1474) 1
2 (832, 1474) 1
2 (612, 1194) 1
charcode: 226, points: 63, contours3
0 (828, 131) 1
0 (728, 46) 0
0 (543, -24) 0
0 (437, -24) 1
0 (262, -24) 0
0 (74, 147) 0
0 (74, 280) 1
0 (74, 358) 0
0 (145, 487) 0
0 (260, 565) 0
0 (332, 585) 1
0 (385, 599) 0
0 (492, 612) 1
0 (710, 638) 0
0 (813, 674) 1
0 (814, 711) 0
0 (814, 721) 1
0 (814, 831) 0
0 (763, 876) 1
0 (694, 937) 0
0 (558, 937) 1
0 (431, 937) 0
0 (310, 848) 0
0 (281, 735) 1
0 (105, 759) 1
0 (129, 872) 0
0 (239, 1011) 0
0 (447, 1086) 0
0 (584, 1086) 1
0 (720, 1086) 0
0 (890, 1022) 0
0 (970, 925) 0
0 (986, 851) 1
0 (995, 805) 0
0 (995, 685) 1
0 (995, 445) 1
0 (995, 194) 0
0 (1018, 61) 0
0 (1052, 0) 1
0 (864, 0) 1
0 (836, 56) 0
1 (813, 533) 1
1 (715, 493) 0
1 (519, 465) 1
1 (408, 449) 0
1 (316, 409) 0
1 (266, 332) 0
1 (266, 285) 1
1 (266, 213) 0
1 (375, 117) 0
1 (480, 117) 1
1 (584, 117) 0
1 (746, 208) 0
1 (784, 287) 1
1 (813, 348) 0
1 (813, 467) 1
2 (566, 1364) 1
2 (453, 1194) 1
2 (247, 1194) 1
2 (463, 1474) 1
2 (655, 1474) 1
2 (880, 1194) 1
2 (676, 1194) 1
charcode: 227, points: 80, contours3
0 (828, 131) 1
0 (728, 46) 0
0 (543, -24) 0
0 (437, -24) 1
0 (262, -24) 0
0 (74, 147) 0
0 (74, 280) 1
0 (74, 358) 0
0 (145, 487) 0
0 (260, 565) 0
0 (332, 585) 1
0 (385, 599) 0
0 (492, 612) 1
0 (710, 638) 0
0 (813, 674) 1
0 (814, 711) 0
0 (814, 721) 1
0 (814, 831) 0
0 (763, 876) 1
0 (694, 937) 0
0 (558, 937) 1
0 (431, 937) 0
0 (310, 848) 0
0 (281, 735) 1
0 (105, 759) 1
0 (129, 872) 0
0 (239, 1011) 0
0 (447, 1086) 0
0 (584, 1086) 1
0 (720, 1086) 0
0 (890, 1022) 0
0 (970, 925) 0
0 (986, 851) 1
0 (995, 805) 0
0 (995, 685) 1
0 (995, 445) 1
0 (995, 194) 0
0 (1018, 61) 0
0 (1052, 0) 1
0 (864, 0) 1
0 (836, 56) 0
1 (813, 533) 1
1 (715, 493) 0
1 (519, 465) 1
1 (408, 449) 0
1 (316, 409) 0
1 (266, 332) 0
1 (266, 285) 1
1 (266, 213) 0
1 (375, 117) 0
1 (480, 117) 1
1 (584, 117) 0
1 (746, 208) 0
1 (784, 287) 1
1 (813, 348) 0
1 (813, 467) 1
2 (229, 1219) 1
2 (228, 1323) 0
2 (286, 1385) 1
2 (343, 1447) 0
2 (432, 1447) 1
2 (494, 1447) 0
2 (601, 1393) 1
2 (660, 1363) 0
2 (695, 1363) 1
2 (727, 1363) 0
2 (761, 1398) 0
2 (768, 1450) 1
2 (898, 1450) 1
2 (895, 1336) 0
2 (786, 1222) 0
2 (702, 1222) 1
2 (639, 1222) 0
2 (536, 1278) 1
2 (469, 1314) 0
2 (438, 1314) 1
2 (404, 1314) 0
2 (383, 1290) 1
2 (361, 1266) 0
2 (362, 1219) 1
charcode: 228, points: 64, contours4
0 (828, 131) 1
0 (728, 46) 0
0 (543, -24) 0
0 (437, -24) 1
0 (262, -24) 0
0 (74, 147) 0
0 (74, 280) 1
0 (74, 358) 0
0 (145, 487) 0
0 (260, 565) 0
0 (332, 585) 1
0 (385, 599) 0
0 (492, 612) 1
0 (710, 638) 0
0 (813, 674) 1
0 (814, 711) 0
0 (814, 721) 1
0 (814, 831) 0
0 (763, 876) 1
0 (694, 937) 0
0 (558, 937) 1
0 (431, 937) 0
0 (310, 848) 0
0 (281, 735) 1
0 (105, 759) 1
0 (129, 872) 0
0 (239, 1011) 0
0 (447, 1086) 0
0 (584, 1086) 1
0 (720, 1086) 0
0 (890, 1022) 0
0 (970, 925) 0
0 (986, 851) 1
0 (995, 805) 0
0 (995, 685) 1
0 (995, 445) 1
0 (995, 194) 0
0 (1018, 61) 0
0 (1052, 0) 1
0 (864, 0) 1
0 (836, 56) 0
1 (813, 533) 1
1 (715, 493) 0
1 (519, 465) 1
1 (408, 449) 0
1 (316, 409) 0
1 (266, 332) 0
1 (266, 285) 1
1 (266, 213) 0
1 (375, 117) 0
1 (480, 117) 1
1 (584, 117) 0
1 (746, 208) 0
1 (784, 287) 1
1 (813, 348) 0
1 (813, 467) 1
2 (283, 1270) 1
2 (283, 1475) 1
2 (471, 1475) 1
2 (471, 1270) 1
3 (656, 1270) 1
3 (656, 1475) 1
3 (844, 1475) 1
3 (844, 1270) 1
charcode: 229, points: 80, contours4
0 (828, 131) 1
0 (728, 46) 0
0 (543, -24) 0
0 (437, -24) 1
0 (262, -24) 0
0 (74, 147) 0
0 (74, 280) 1
0 (74, 358) 0
0 (145, 487) 0
0 (260, 565) 0
0 (332, 585) 1
0 (385, 599) 0
0 (492, 612) 1
0 (710, 638) 0
0 (813, 674) 1
0 (814, 711) 0
0 (814, 721) 1
0 (814, 831) 0
0 (763, 876) 1
0 (694, 937) 0
0 (558, 937) 1
0 (431, 937) 0
0 (310, 848) 0
0 (281, 735) 1
0 (105, 759) 1
0 (129, 872) 0
0 (239, 1011) 0
0 (447, 1086) 0
0 (584, 1086) 1
0 (720, 1086) 0
0 (890, 1022) 0
0 (970, 925) 0
0 (986, 851) 1
0 (995, 805) 0
0 (995, 685) 1
0 (995, 445) 1
0 (995, 194) 0
0 (1018, 61) 0
0 (1052, 0) 1
0 (864, 0) 1
0 (836, 56) 0
1 (813, 533) 1
1 (715, 493) 0
1 (519, 465) 1
1 (408, 449) 0
1 (316, 409) 0
1 (266, 332) 0
1 (266, 285) 1
1 (266, 213) 0
1 (375, 117) 0
1 (480, 117) 1
1 (584, 117) 0
1 (746, 208) 0
1 (784, 287) 1
1 (813, 348) 0
1 (813, 467) 1
2 (383, 1338) 1
2 (383, 1411) 0
2 (490, 1517) 0
2 (563, 1517) 1
2 (637, 1517) 0
2 (743, 1410) 0
2 (743, 1334) 1
2 (743, 1257) 0
2 (637, 1151) 0
2 (564, 1151) 1
2 (489, 1151) 0
2 (383, 1258) 0
3 (459, 1337) 1
3 (459, 1290) 0
3 (522, 1226) 0
3 (565, 1226) 1
3 (608, 1226) 0
3 (671, 1290) 0
3 (671, 1335) 1
3 (671, 1380) 0
3 (609, 1444) 0
3 (565, 1444) 1
3 (522, 1444) 0
3 (459, 1381) 0
charcode: 230, points: 75, contours3
0 (1734, 325) 1
0 (1684, 158) 0
0 (1444, -24) 0
0 (1266, -24) 1
0 (1139, -24) 0
0 (948, 72) 0
0 (871, 174) 1
0 (767, 72) 0
0 (554, -24) 0
0 (431, -24) 1
0 (259, -24) 0
0 (68, 153) 0
0 (68, 280) 1
0 (68, 366) 0
0 (167, 517) 0
0 (344, 595) 0
0 (538, 620) 1
0 (688, 640) 0
0 (790, 669) 1
0 (791, 694) 0
0 (791, 710) 1
0 (791, 836) 0
0 (686, 937) 0
0 (555, 937) 1
0 (468, 937) 0
0 (348, 895) 0
0 (291, 818) 0
0 (272, 733) 1
0 (97, 754) 1
0 (125, 871) 0
0 (230, 1008) 0
0 (426, 1086) 0
0 (557, 1086) 1
0 (724, 1086) 0
0 (826, 1036) 1
0 (885, 1007) 0
0 (925, 943) 1
0 (989, 1013) 0
0 (1151, 1086) 0
0 (1266, 1086) 1
0 (1428, 1086) 0
0 (1640, 929) 0
0 (1738, 671) 0
0 (1738, 546) 1
0 (1738, 527) 0
0 (1736, 485) 1
0 (969, 485) 1
0 (971, 341) 0
0 (1038, 211) 0
0 (1185, 124) 0
0 (1273, 124) 1
0 (1376, 124) 0
0 (1519, 242) 0
0 (1546, 349) 1
1 (969, 633) 1
1 (1553, 633) 1
1 (1539, 791) 0
1 (1387, 937) 0
1 (1265, 937) 1
1 (1139, 937) 0
1 (978, 777) 0
2 (793, 533) 1
2 (714, 499) 0
2 (471, 460) 1
2 (362, 443) 0
2 (318, 409) 1
2 (259, 362) 0
2 (259, 286) 1
2 (259, 215) 0
2 (365, 118) 0
2 (466, 118) 1
2 (581, 118) 0
2 (752, 232) 0
2 (778, 317) 1
2 (793, 369) 0
charcode: 231, points: 49, contours2
0 (828, 389) 1
0 (1005, 366) 1
0 (976, 183) 0
0 (737, -24) 0
0 (563, -24) 1
0 (345, -24) 0
0 (80, 261) 0
0 (80, 527) 1
0 (80, 699) 0
0 (194, 957) 0
0 (427, 1086) 0
0 (564, 1086) 1
0 (737, 1086) 0
0 (957, 911) 0
0 (988, 750) 1
0 (813, 723) 1
0 (788, 830) 0
0 (661, 938) 0
0 (571, 938) 1
0 (435, 938) 0
0 (265, 743) 0
0 (265, 532) 1
0 (265, 318) 0
0 (429, 124) 0
0 (561, 124) 1
0 (667, 124) 0
0 (809, 254) 0
1 (411, -134) 1
1 (463, 43) 1
1 (597, 43) 1
1 (564, -64) 1
1 (649, -74) 0
1 (735, -159) 0
1 (735, -211) 1
1 (735, -286) 0
1 (591, -401) 0
1 (446, -401) 1
1 (364, -401) 0
1 (302, -389) 1
1 (313, -272) 1
1 (377, -276) 0
1 (407, -276) 1
1 (501, -276) 0
1 (539, -250) 1
1 (568, -230) 0
1 (568, -201) 1
1 (568, -183) 0
1 (545, -155) 0
1 (483, -135) 0
charcode: 232, points: 34, contours3
0 (862, 342) 1
0 (1048, 319) 1
0 (1004, 156) 0
0 (766, -24) 0
0 (581, -24) 1
0 (348, -24) 0
0 (75, 263) 0
0 (75, 522) 1
0 (75, 790) 0
0 (351, 1086) 0
0 (571, 1086) 1
0 (784, 1086) 0
0 (1054, 796) 0
0 (1054, 533) 1
0 (1054, 517) 0
0 (1053, 485) 1
0 (261, 485) 1
0 (271, 310) 0
0 (449, 124) 0
0 (582, 124) 1
0 (681, 124) 0
0 (821, 228) 0
1 (271, 633) 1
1 (864, 633) 1
1 (852, 767) 0
1 (796, 834) 1
1 (710, 938) 0
1 (573, 938) 1
1 (449, 938) 0
1 (280, 772) 0
2 (686, 1194) 1
2 (541, 1194) 1
2 (310, 1474) 1
2 (551, 1474) 1
charcode: 233, points: 34, contours3
0 (862, 342) 1
0 (1048, 319) 1
0 (1004, 156) 0
0 (766, -24) 0
0 (581, -24) 1
0 (348, -24) 0
0 (75, 263) 0
0 (75, 522) 1
0 (75, 790) 0
0 (351, 1086) 0
0 (571, 1086) 1
0 (784, 1086) 0
0 (1054, 796) 0
0 (1054, 533) 1
0 (1054, 517) 0
0 (1053, 485) 1
0 (261, 485) 1
0 (271, 310) 0
0 (449, 124) 0
0 (582, 124) 1
0 (681, 124) 0
0 (821, 228) 0
1 (271, 633) 1
1 (864, 633) 1
1 (852, 767) 0
1 (796, 834) 1
1 (710, 938) 0
1 (573, 938) 1
1 (449, 938) 0
1 (280, 772) 0
2 (465, 1194) 1
2 (598, 1474) 1
2 (834, 1474) 1
2 (614, 1194) 1
charcode: 234, points: 37, contours3
0 (862, 342) 1
0 (1048, 319) 1
0 (1004, 156) 0
0 (766, -24) 0
0 (581, -24) 1
0 (348, -24) 0
0 (75, 263) 0
0 (75, 522) 1
0 (75, 790) 0
0 (351, 1086) 0
0 (571, 1086) 1
0 (784, 1086) 0
0 (1054, 796) 0
0 (1054, 533) 1
0 (1054, 517) 0
0 (1053, 485) 1
0 (261, 485) 1
0 (271, 310) 0
0 (449, 124) 0
0 (582, 124) 1
0 (681, 124) 0
0 (821, 228) 0
1 (271, 633) 1
1 (864, 633) 1
1 (852, 767) 0
1 (796, 834) 1
1 (710, 938) 0
1 (573, 938) 1
1 (449, 938) 0
1 (280, 772) 0
2 (567, 1364) 1
2 (454, 1194) 1
2 (248, 1194) 1
2 (464, 1474) 1
2 (656, 1474) 1
2 (881, 1194) 1
2 (677, 1194) 1
charcode: 235, points: 38, contours4
0 (862, 342) 1
0 (1048, 319) 1
0 (1004, 156) 0
0 (766, -24) 0
0 (581, -24) 1
0 (348, -24) 0
0 (75, 263) 0
0 (75, 522) 1
0 (75, 790) 0
0 (351, 1086) 0
0 (571, 1086) 1
0 (784, 1086) 0
0 (1054, 796) 0
0 (1054, 533) 1
0 (1054, 517) 0
0 (1053, 485) 1
0 (261, 485) 1
0 (271, 310) 0
0 (449, 124) 0
0 (582, 124) 1
0 (681, 124) 0
0 (821, 228) 0
1 (271, 633) 1
1 (864, 633) 1
1 (852, 767) 0
1 (796, 834) 1
1 (710, 938) 0
1 (573, 938) 1
1 (449, 938) 0
1 (280, 772) 0
2 (284, 1270) 1
2 (284, 1475) 1
2 (472, 1475) 1
2 (472, 1270) 1
3 (657, 1270) 1
3 (657, 1475) 1
3 (845, 1475) 1
3 (845, 1270) 1
charcode: 236, points: 8, contours2
0 (198, 0) 1
0 (198, 1062) 1
0 (378, 1062) 1
0 (378, 0) 1
1 (411, 1194) 1
1 (266, 1194) 1
1 (35, 1474) 1
1 (276, 1474) 1
charcode: 237, points: 8, contours2
0 (198, 0) 1
0 (198, 1062) 1
0 (378, 1062) 1
0 (378, 0) 1
1 (189, 1194) 1
1 (322, 1474) 1
1 (558, 1474) 1
1 (338, 1194) 1
charcode: 238, points: 11, contours2
0 (198, 0) 1
0 (198, 1062) 1
0 (378, 1062) 1
0 (378, 0) 1
1 (302, 1364) 1
1 (189, 1194) 1
1 (-17, 1194) 1
1 (199, 1474) 1
1 (391, 1474) 1
1 (616, 1194) 1
1 (412, 1194) 1
charcode: 239, points: 12, contours3
0 (198, 0) 1
0 (198, 1062) 1
0 (378, 1062) 1
0 (378, 0) 1
1 (9, 1270) 1
1 (9, 1475) 1
1 (197, 1475) 1
1 (197, 1270) 1
2 (382, 1270) 1
2 (382, 1475) 1
2 (570, 1475) 1
2 (570, 1270) 1
charcode: 240, points: 41, contours2
0 (308, 1466) 1
0 (525, 1466) 1
0 (597, 1412) 0
0 (650, 1364) 1
0 (864, 1466) 1
0 (909, 1364) 1
0 (737, 1281) 1
0 (1057, 913) 0
0 (1057, 521) 1
0 (1057, 268) 0
0 (779, -25) 0
0 (564, -25) 1
0 (309, -25) 0
0 (166, 169) 1
0 (73, 296) 0
0 (73, 517) 1
0 (73, 778) 0
0 (331, 1062) 0
0 (525, 1062) 1
0 (583, 1062) 0
0 (671, 1038) 0
0 (737, 1003) 1
0 (701, 1076) 0
0 (647, 1157) 0
0 (595, 1216) 1
0 (320, 1089) 1
0 (276, 1192) 1
0 (515, 1301) 1
0 (418, 1391) 0
1 (870, 529) 1
1 (870, 721) 0
1 (689, 924) 0
1 (557, 924) 1
1 (427, 924) 0
1 (257, 721) 0
1 (257, 512) 1
1 (257, 318) 0
1 (432, 122) 0
1 (563, 122) 1
1 (691, 122) 0
1 (870, 329) 0
charcode: 241, points: 47, contours2
0 (135, 0) 1
0 (135, 1062) 1
0 (297, 1062) 1
0 (297, 911) 1
0 (414, 1086) 0
0 (635, 1086) 1
0 (731, 1086) 0
0 (892, 1017) 0
0 (972, 905) 0
0 (988, 828) 1
0 (998, 778) 0
0 (998, 653) 1
0 (998, 0) 1
0 (818, 0) 1
0 (818, 646) 1
0 (818, 756) 0
0 (776, 865) 0
0 (669, 930) 0
0 (597, 930) 1
0 (482, 930) 0
0 (315, 784) 0
0 (315, 580) 1
0 (315, 0) 1
1 (262, 1219) 1
1 (261, 1323) 0
1 (319, 1385) 1
1 (376, 1447) 0
1 (465, 1447) 1
1 (527, 1447) 0
1 (634, 1393) 1
1 (693, 1363) 0
1 (728, 1363) 1
1 (760, 1363) 0
1 (794, 1398) 0
1 (801, 1450) 1
1 (931, 1450) 1
1 (928, 1336) 0
1 (819, 1222) 0
1 (735, 1222) 1
1 (672, 1222) 0
1 (569, 1278) 1
1 (502, 1314) 0
1 (471, 1314) 1
1 (437, 1314) 0
1 (416, 1290) 1
1 (394, 1266) 0
1 (395, 1219) 1
charcode: 242, points: 30, contours3
0 (68, 531) 1
0 (68, 826) 0
0 (232, 968) 1
0 (369, 1086) 0
0 (566, 1086) 1
0 (785, 1086) 0
0 (1063, 799) 0
0 (1063, 546) 1
0 (1063, 341) 0
0 (940, 106) 0
0 (705, -24) 0
0 (566, -24) 1
0 (343, -24) 0
0 (68, 262) 0
1 (253, 531) 1
1 (253, 327) 0
1 (431, 124) 0
1 (566, 124) 1
1 (700, 124) 0
1 (878, 328) 0
1 (878, 537) 1
1 (878, 734) 0
1 (699, 937) 0
1 (566, 937) 1
1 (431, 937) 0
1 (253, 735) 0
2 (687, 1194) 1
2 (542, 1194) 1
2 (311, 1474) 1
2 (552, 1474) 1
charcode: 243, points: 30, contours3
0 (68, 531) 1
0 (68, 826) 0
0 (232, 968) 1
0 (369, 1086) 0
0 (566, 1086) 1
0 (785, 1086) 0
0 (1063, 799) 0
0 (1063, 546) 1
0 (1063, 341) 0
0 (940, 106) 0
0 (705, -24) 0
0 (566, -24) 1
0 (343, -24) 0
0 (68, 262) 0
1 (253, 531) 1
1 (253, 327) 0
1 (431, 124) 0
1 (566, 124) 1
1 (700, 124) 0
1 (878, 328) 0
1 (878, 537) 1
1 (878, 734) 0
1 (699, 937) 0
1 (566, 937) 1
1 (431, 937) 0
1 (253, 735) 0
2 (466, 1194) 1
2 (599, 1474) 1
2 (835, 1474) 1
2 (615, 1194) 1
charcode: 244, points: 33, contours3
0 (68, 531) 1
0 (68, 826) 0
0 (232, 968) 1
0 (369, 1086) 0
0 (566, 1086) 1
0 (785, 1086) 0
0 (1063, 799) 0
0 (1063, 546) 1
0 (1063, 341) 0
0 (940, 106) 0
0 (705, -24) 0
0 (566, -24) 1
0 (343, -24) 0
0 (68, 262) 0
1 (253, 531) 1
1 (253, 327) 0
1 (431, 124) 0
1 (566, 124) 1
1 (700, 124) 0
1 (878, 328) 0
1 (878, 537) 1
1 (878, 734) 0
1 (699, 937) 0
1 (566, 937) 1
1 (431, 937) 0
1 (253, 735) 0
2 (568, 1364) 1
2 (455, 1194) 1
2 (249, 1194) 1
2 (465, 1474) 1
2 (657, 1474) 1
2 (882, 1194) 1
2 (678, 1194) 1
charcode: 245, points: 50, contours3
0 (68, 531) 1
0 (68, 826) 0
0 (232, 968) 1
0 (369, 1086) 0
0 (566, 1086) 1
0 (785, 1086) 0
0 (1063, 799) 0
0 (1063, 546) 1
0 (1063, 341) 0
0 (940, 106) 0
0 (705, -24) 0
0 (566, -24) 1
0 (343, -24) 0
0 (68, 262) 0
1 (253, 531) 1
1 (253, 327) 0
1 (431, 124) 0
1 (566, 124) 1
1 (700, 124) 0
1 (878, 328) 0
1 (878, 537) 1
1 (878, 734) 0
1 (699, 937) 0
1 (566, 937) 1
1 (431, 937) 0
1 (253, 735) 0
2 (231, 1219) 1
2 (230, 1323) 0
2 (288, 1385) 1
2 (345, 1447) 0
2 (434, 1447) 1
2 (496, 1447) 0
2 (603, 1393) 1
2 (662, 1363) 0
2 (697, 1363) 1
2 (729, 1363) 0
2 (763, 1398) 0
2 (770, 1450) 1
2 (900, 1450) 1
2 (897, 1336) 0
2 (788, 1222) 0
2 (704, 1222) 1
2 (641, 1222) 0
2 (538, 1278) 1
2 (471, 1314) 0
2 (440, 1314) 1
2 (406, 1314) 0
2 (385, 1290) 1
2 (363, 1266) 0
2 (364, 1219) 1
charcode: 246, points: 34, contours4
0 (68, 531) 1
0 (68, 826) 0
0 (232, 968) 1
0 (369, 1086) 0
0 (566, 1086) 1
0 (785, 1086) 0
0 (1063, 799) 0
0 (1063, 546) 1
0 (1063, 341) 0
0 (940, 106) 0
0 (705, -24) 0
0 (566, -24) 1
0 (343, -24) 0
0 (68, 262) 0
1 (253, 531) 1
1 (253, 327) 0
1 (431, 124) 0
1 (566, 124) 1
1 (700, 124) 0
1 (878, 328) 0
1 (878, 537) 1
1 (878, 734) 0
1 (699, 937) 0
1 (566, 937) 1
1 (431, 937) 0
1 (253, 735) 0
2 (285, 1270) 1
2 (285, 1475) 1
2 (473, 1475) 1
2 (473, 1270) 1
3 (658, 1270) 1
3 (658, 1475) 1
3 (846, 1475) 1
3 (846, 1270) 1
charcode: 247, points: 12, contours3
0 (459, 922) 1
0 (459, 1127) 1
0 (664, 1127) 1
0 (664, 922) 1
1 (1046, 639) 1
1 (78, 639) 1
1 (78, 807) 1
1 (1046, 807) 1
2 (459, 319) 1
2 (459, 524) 1
2 (664, 524) 1
2 (664, 319) 1
charcode: 248, points: 44, contours3
0 (919, 999) 1
0 (1018, 1127) 1
0 (1114, 1057) 1
0 (1007, 919) 1
0 (1070, 833) 0
0 (1093, 763) 1
0 (1124, 663) 0
0 (1124, 530) 1
0 (1124, 230) 0
0 (955, 89) 1
0 (818, -24) 0
0 (625, -24) 1
0 (466, -24) 0
0 (344, 56) 1
0 (239, -79) 1
0 (145, -8) 1
0 (253, 133) 1
0 (194, 201) 0
0 (169, 269) 1
0 (129, 378) 0
0 (129, 516) 1
0 (129, 817) 0
0 (423, 1086) 0
0 (621, 1086) 1
0 (703, 1086) 0
0 (841, 1044) 0
1 (818, 867) 1
1 (727, 937) 0
1 (627, 937) 1
1 (494, 937) 0
1 (314, 733) 0
1 (314, 531) 1
1 (314, 381) 0
1 (366, 280) 1
2 (893, 770) 1
2 (444, 187) 1
2 (522, 124) 0
2 (620, 124) 1
2 (759, 124) 0
2 (940, 328) 0
2 (940, 532) 1
2 (940, 608) 0
2 (928, 665) 1
2 (920, 707) 0
charcode: 249, points: 29, contours2
0 (831, 0) 1
0 (831, 156) 1
0 (707, -24) 0
0 (494, -24) 1
0 (400, -24) 0
0 (237, 48) 0
0 (158, 157) 0
0 (142, 236) 1
0 (131, 289) 0
0 (131, 404) 1
0 (131, 1062) 1
0 (311, 1062) 1
0 (311, 473) 1
0 (311, 332) 0
0 (322, 283) 1
0 (339, 212) 0
0 (449, 131) 0
0 (530, 131) 1
0 (611, 131) 0
0 (753, 214) 0
0 (812, 357) 0
0 (812, 493) 1
0 (812, 1062) 1
0 (992, 1062) 1
0 (992, 0) 1
1 (728, 1194) 1
1 (583, 1194) 1
1 (352, 1474) 1
1 (593, 1474) 1
charcode: 250, points: 29, contours2
0 (831, 0) 1
0 (831, 156) 1
0 (707, -24) 0
0 (494, -24) 1
0 (400, -24) 0
0 (237, 48) 0
0 (158, 157) 0
0 (142, 236) 1
0 (131, 289) 0
0 (131, 404) 1
0 (131, 1062) 1
0 (311, 1062) 1
0 (311, 473) 1
0 (311, 332) 0
0 (322, 283) 1
0 (339, 212) 0
0 (449, 131) 0
0 (530, 131) 1
0 (611, 131) 0
0 (753, 214) 0
0 (812, 357) 0
0 (812, 493) 1
0 (812, 1062) 1
0 (992, 1062) 1
0 (992, 0) 1
1 (453, 1194) 1
1 (586, 1474) 1
1 (822, 1474) 1
1 (602, 1194) 1
charcode: 251, points: 32, contours2
0 (831, 0) 1
0 (831, 156) 1
0 (707, -24) 0
0 (494, -24) 1
0 (400, -24) 0
0 (237, 48) 0
0 (158, 157) 0
0 (142, 236) 1
0 (131, 289) 0
0 (131, 404) 1
0 (131, 1062) 1
0 (311, 1062) 1
0 (311, 473) 1
0 (311, 332) 0
0 (322, 283) 1
0 (339, 212) 0
0 (449, 131) 0
0 (530, 131) 1
0 (611, 131) 0
0 (753, 214) 0
0 (812, 357) 0
0 (812, 493) 1
0 (812, 1062) 1
0 (992, 1062) 1
0 (992, 0) 1
1 (564, 1364) 1
1 (451, 1194) 1
1 (245, 1194) 1
1 (461, 1474) 1
1 (653, 1474) 1
1 (878, 1194) 1
1 (674, 1194) 1
charcode: 252, points: 33, contours3
0 (831, 0) 1
0 (831, 156) 1
0 (707, -24) 0
0 (494, -24) 1
0 (400, -24) 0
0 (237, 48) 0
0 (158, 157) 0
0 (142, 236) 1
0 (131, 289) 0
0 (131, 404) 1
0 (131, 1062) 1
0 (311, 1062) 1
0 (311, 473) 1
0 (311, 332) 0
0 (322, 283) 1
0 (339, 212) 0
0 (449, 131) 0
0 (530, 131) 1
0 (611, 131) 0
0 (753, 214) 0
0 (812, 357) 0
0 (812, 493) 1
0 (812, 1062) 1
0 (992, 1062) 1
0 (992, 0) 1
1 (281, 1270) 1
1 (281, 1475) 1
1 (469, 1475) 1
1 (469, 1270) 1
2 (654, 1270) 1
2 (654, 1475) 1
2 (842, 1475) 1
2 (842, 1270) 1
charcode: 253, points: 31, contours2
0 (127, -409) 1
0 (107, -240) 1
0 (166, -256) 0
0 (210, -256) 1
0 (270, -256) 0
0 (342, -216) 0
0 (365, -180) 1
0 (382, -153) 0
0 (420, -46) 1
0 (425, -31) 0
0 (436, -2) 1
0 (33, 1062) 1
0 (227, 1062) 1
0 (448, 447) 1
0 (491, 330) 0
0 (525, 201) 1
0 (556, 325) 0
0 (599, 443) 1
0 (826, 1062) 1
0 (1006, 1062) 1
0 (602, -18) 1
0 (537, -193) 0
0 (501, -259) 1
0 (453, -348) 0
0 (329, -431) 0
0 (243, -431) 1
0 (191, -431) 0
1 (420, 1194) 1
1 (553, 1474) 1
1 (789, 1474) 1
1 (569, 1194) 1
charcode: 254, points: 33, contours2
0 (135, -407) 1
0 (135, 1466) 1
0 (315, 1466) 1
0 (315, 950) 1
0 (388, 1027) 0
0 (443, 1052) 1
0 (515, 1086) 0
0 (607, 1086) 1
0 (743, 1086) 0
0 (951, 946) 0
0 (1057, 691) 0
0 (1057, 539) 1
0 (1057, 375) 0
0 (940, 115) 0
0 (717, -24) 0
0 (595, -24) 1
0 (512, -24) 0
0 (441, 9) 1
0 (387, 35) 0
0 (315, 110) 1
0 (315, -407) 1
1 (298, 525) 1
1 (298, 320) 0
1 (464, 124) 0
1 (582, 124) 1
1 (702, 124) 0
1 (873, 327) 0
1 (873, 540) 1
1 (873, 743) 0
1 (706, 945) 0
1 (590, 945) 1
1 (475, 945) 0
1 (298, 730) 0
charcode: 255, points: 35, contours3
0 (127, -409) 1
0 (107, -240) 1
0 (166, -256) 0
0 (210, -256) 1
0 (270, -256) 0
0 (342, -216) 0
0 (365, -180) 1
0 (382, -153) 0
0 (420, -46) 1
0 (425, -31) 0
0 (436, -2) 1
0 (33, 1062) 1
0 (227, 1062) 1
0 (448, 447) 1
0 (491, 330) 0
0 (525, 201) 1
0 (556, 325) 0
0 (599, 443) 1
0 (826, 1062) 1
0 (1006, 1062) 1
0 (602, -18) 1
0 (537, -193) 0
0 (501, -259) 1
0 (453, -348) 0
0 (329, -431) 0
0 (243, -431) 1
0 (191, -431) 0
1 (243, 1270) 1
1 (243, 1475) 1
1 (431, 1475) 1
1 (431, 1270) 1
2 (616, 1270) 1
2 (616, 1475) 1
2 (804, 1475) 1
2 (804, 1270) 1
> cmake --build build --target simple3 && ./build/Debug/simple3
